{
    "w": 1080,
    "h": 1920,
    "fl_x": 1506.158113353335,
    "fl_y": 1507.0613365734926,
    "cx": 542.2541280231942,
    "cy": 947.4638334430815,
    "k1": 0.04245851879741077,
    "k2": -0.06736159589195226,
    "p1": -0.0022733936574927615,
    "p2": -2.9366709576640833e-05,
    "camera_model": "OPENCV",
    "frames": [
        {
            "file_path": "images/frame_00010.jpg",
            "transform_matrix": [
                [
                    0.6935518649626988,
                    0.5882770918493698,
                    -0.41583154499389596,
                    -3.3439331112741564
                ],
                [
                    -0.14709279035014414,
                    -0.44942071214133694,
                    -0.8811269684474435,
                    -1.4204480816609024
                ],
                [
                    -0.7052301196303026,
                    0.6722730745044171,
                    -0.22516525411929655,
                    -2.621247650144372
                ],
                [
                    0.0,
                    0.0,
                    0.0,
                    1.0
                ]
            ],
            "colmap_im_id": 1
        },
        {
            "file_path": "images/frame_00001.jpg",
            "transform_matrix": [
                [
                    0.45897061828241004,
                    0.7028993616225171,
                    -0.5433953063692402,
                    -4.260719116079398
                ],
                [
                    -0.2464371298336066,
                    -0.4869009517967721,
                    -0.8379714817216464,
                    -1.1504947052238002
                ],
                [
                    -0.8535893114331015,
                    0.5185170687355002,
                    -0.05025272964833106,
                    -1.6125965561510642
                ],
                [
                    0.0,
                    0.0,
                    0.0,
                    1.0
                ]
            ],
            "colmap_im_id": 2
        },
        {
            "file_path": "images/frame_00004.jpg",
            "transform_matrix": [
                [
                    0.4631910579985254,
                    0.7017742368528421,
                    -0.5412642277851155,
                    -4.238303839423927
                ],
                [
                    -0.24461325605049966,
                    -0.4857744384256313,
                    -0.839158834748604,
                    -1.17646332261216
                ],
                [
                    -0.8518323771462194,
                    0.5210912736381922,
                    -0.05334309499407932,
                    -1.6631512259484003
                ],
                [
                    0.0,
                    0.0,
                    0.0,
                    1.0
                ]
            ],
            "colmap_im_id": 3
        },
        {
            "file_path": "images/frame_00006.jpg",
            "transform_matrix": [
                [
                    0.5125677274178673,
                    0.6844661467115133,
                    -0.5184403715140017,
                    -3.956243404426876
                ],
                [
                    -0.22168531962217522,
                    -0.4778274574306003,
                    -0.8500214938396685,
                    -1.2688792473328645
                ],
                [
                    -0.8295359810603135,
                    0.5506242048178602,
                    -0.09318283744875994,
                    -1.9600241298986054
                ],
                [
                    0.0,
                    0.0,
                    0.0,
                    1.0
                ]
            ],
            "colmap_im_id": 4
        },
        {
            "file_path": "images/frame_00002.jpg",
            "transform_matrix": [
                [
                    0.4621254829354201,
                    0.7004016724696752,
                    -0.5439462613378152,
                    -4.252248913950094
                ],
                [
                    -0.24543831936371296,
                    -0.48839686003403804,
                    -0.8373938968590637,
                    -1.1445313878742902
                ],
                [
                    -0.8521737319406302,
                    0.5204863152000966,
                    -0.053795225436881894,
                    -1.5948696694123412
                ],
                [
                    0.0,
                    0.0,
                    0.0,
                    1.0
                ]
            ],
            "colmap_im_id": 5
        },
        {
            "file_path": "images/frame_00005.jpg",
            "transform_matrix": [
                [
                    0.4769185750552472,
                    0.6966829544065999,
                    -0.5358932111965632,
                    -4.136554722115937
                ],
                [
                    -0.23511975187759013,
                    -0.48635849681066246,
                    -0.8415308163442936,
                    -1.207500286168002
                ],
                [
                    -0.8469163920035396,
                    0.5273407566454205,
                    -0.06814947788752711,
                    -1.7924181007337625
                ],
                [
                    0.0,
                    0.0,
                    0.0,
                    1.0
                ]
            ],
            "colmap_im_id": 6
        },
        {
            "file_path": "images/frame_00007.jpg",
            "transform_matrix": [
                [
                    0.5585028288316439,
                    0.6634575820350621,
                    -0.4978941926024443,
                    -3.8152702052473098
                ],
                [
                    -0.19801759418400772,
                    -0.4762420673255874,
                    -0.8567278014066243,
                    -1.339881365247807
                ],
                [
                    -0.8055207151778461,
                    0.5770767108016397,
                    -0.1346062675722488,
                    -2.096559181880611
                ],
                [
                    0.0,
                    0.0,
                    0.0,
                    1.0
                ]
            ],
            "colmap_im_id": 7
        },
        {
            "file_path": "images/frame_00011.jpg",
            "transform_matrix": [
                [
                    0.7079504619679825,
                    0.5895001780992842,
                    -0.38896745804788374,
                    -3.2327344867513808
                ],
                [
                    -0.1209880230413416,
                    -0.44137244175182544,
                    -0.8891300613198156,
                    -1.4210937968541686
                ],
                [
                    -0.695821846222054,
                    0.6765204414376137,
                    -0.24114736290739036,
                    -2.7916355800968256
                ],
                [
                    0.0,
                    0.0,
                    0.0,
                    1.0
                ]
            ],
            "colmap_im_id": 8
        },
        {
            "file_path": "images/frame_00008.jpg",
            "transform_matrix": [
                [
                    0.6032967496839502,
                    0.6391192935934219,
                    -0.4770320328630205,
                    -3.6687320117333533
                ],
                [
                    -0.18595400879817264,
                    -0.46893009539465774,
                    -0.863438285139735,
                    -1.3509256361251005
                ],
                [
                    -0.775534743536787,
                    0.6096155298135064,
                    -0.1640572076366285,
                    -2.229908825524734
                ],
                [
                    0.0,
                    0.0,
                    0.0,
                    1.0
                ]
            ],
            "colmap_im_id": 9
        },
        {
            "file_path": "images/frame_00015.jpg",
            "transform_matrix": [
                [
                    0.7313936063229791,
                    0.5726745910122406,
                    -0.3702799014783686,
                    -3.144452563212512
                ],
                [
                    -0.09388626465315118,
                    -0.45324068182179317,
                    -0.8864300613422328,
                    -1.4855457658086135
                ],
                [
                    -0.6754618878510806,
                    0.6830934761441358,
                    -0.277731058598017,
                    -2.8331491854424145
                ],
                [
                    0.0,
                    0.0,
                    0.0,
                    1.0
                ]
            ],
            "colmap_im_id": 10
        },
        {
            "file_path": "images/frame_00003.jpg",
            "transform_matrix": [
                [
                    0.46006300783346854,
                    0.7001344685010776,
                    -0.5460345729346588,
                    -4.258208968759522
                ],
                [
                    -0.24528558870285472,
                    -0.4908292209673996,
                    -0.8360153442486745,
                    -1.169147513984219
                ],
                [
                    -0.8533328827590765,
                    0.5185541455443675,
                    -0.05407947245337294,
                    -1.6009186207177022
                ],
                [
                    0.0,
                    0.0,
                    0.0,
                    1.0
                ]
            ],
            "colmap_im_id": 11
        },
        {
            "file_path": "images/frame_00013.jpg",
            "transform_matrix": [
                [
                    0.7192882637476263,
                    0.5837778975115452,
                    -0.3766002655494617,
                    -3.2859468260341025
                ],
                [
                    -0.11764873847302883,
                    -0.43190616802255904,
                    -0.8942124112087542,
                    -1.3969541769639815
                ],
                [
                    -0.6846774189139219,
                    0.6875030388304251,
                    -0.2419843045081666,
                    -2.673894048368576
                ],
                [
                    0.0,
                    0.0,
                    0.0,
                    1.0
                ]
            ],
            "colmap_im_id": 12
        },
        {
            "file_path": "images/frame_00014.jpg",
            "transform_matrix": [
                [
                    0.7153671533489877,
                    0.5860838091050086,
                    -0.3804676130951621,
                    -3.2346139959507205
                ],
                [
                    -0.116021077159412,
                    -0.4373116787294412,
                    -0.8917945981567773,
                    -1.4408237851153276
                ],
                [
                    -0.6890493056118234,
                    0.6821028253509894,
                    -0.24484033590089324,
                    -2.787959802163349
                ],
                [
                    0.0,
                    0.0,
                    0.0,
                    1.0
                ]
            ],
            "colmap_im_id": 13
        },
        {
            "file_path": "images/frame_00012.jpg",
            "transform_matrix": [
                [
                    0.7190990665832216,
                    0.5849546043684384,
                    -0.3751328341631845,
                    -3.2323221781583693
                ],
                [
                    -0.11659155538541816,
                    -0.43061859114226475,
                    -0.894971529254121,
                    -1.4142484651536071
                ],
                [
                    -0.685056889354416,
                    0.687310511916423,
                    -0.2414566597906066,
                    -2.7308588321273617
                ],
                [
                    0.0,
                    0.0,
                    0.0,
                    1.0
                ]
            ],
            "colmap_im_id": 14
        },
        {
            "file_path": "images/frame_00027.jpg",
            "transform_matrix": [
                [
                    0.9575292574995052,
                    0.28690471140273527,
                    -0.02869507984584899,
                    -1.5102830737015256
                ],
                [
                    0.11151086560620814,
                    -0.4602515037851178,
                    -0.8807575603509129,
                    -1.3274160729377547
                ],
                [
                    -0.26590044731854184,
                    0.8401513196076351,
                    -0.4726972733974129,
                    -3.8125446766728848
                ],
                [
                    0.0,
                    0.0,
                    0.0,
                    1.0
                ]
            ],
            "colmap_im_id": 15
        },
        {
            "file_path": "images/frame_00024.jpg",
            "transform_matrix": [
                [
                    0.9258959942634337,
                    0.3598414233126458,
                    -0.11502503151600081,
                    -1.8713567390435506
                ],
                [
                    0.06304048469447063,
                    -0.4473779377875539,
                    -0.8921204392179576,
                    -1.5095266629500632
                ],
                [
                    -0.3724815500080693,
                    0.8187595073336765,
                    -0.4369100182581091,
                    -3.7323015177789363
                ],
                [
                    0.0,
                    0.0,
                    0.0,
                    1.0
                ]
            ],
            "colmap_im_id": 16
        },
        {
            "file_path": "images/frame_00009.jpg",
            "transform_matrix": [
                [
                    0.6456332788832185,
                    0.6171950961398686,
                    -0.4496975455785834,
                    -3.471401568689731
                ],
                [
                    -0.16099414759260922,
                    -0.4656354087499529,
                    -0.8702094865945749,
                    -1.3678466926444133
                ],
                [
                    -0.7464841281898985,
                    0.6342348771702502,
                    -0.20126491731398305,
                    -2.4448248779702015
                ],
                [
                    0.0,
                    0.0,
                    0.0,
                    1.0
                ]
            ],
            "colmap_im_id": 17
        },
        {
            "file_path": "images/frame_00044.jpg",
            "transform_matrix": [
                [
                    0.8577287971851912,
                    -0.11626387720471316,
                    0.5007834076090907,
                    1.185997389550623
                ],
                [
                    0.34547735928300316,
                    -0.5910133259152521,
                    -0.7289366521265305,
                    -0.5683152589295857
                ],
                [
                    0.3807186687070758,
                    0.7982392870862216,
                    -0.46676261188102103,
                    -3.7158513736253407
                ],
                [
                    0.0,
                    0.0,
                    0.0,
                    1.0
                ]
            ],
            "colmap_im_id": 18
        },
        {
            "file_path": "images/frame_00033.jpg",
            "transform_matrix": [
                [
                    0.9714877811881484,
                    0.0937040268959327,
                    0.21778669919353366,
                    -0.24620162712910215
                ],
                [
                    0.23464092920681862,
                    -0.5116721317397427,
                    -0.8265199718953365,
                    -1.1664455869373058
                ],
                [
                    0.03398713496441135,
                    0.8540557270719479,
                    -0.519070023900935,
                    -4.1037849812060045
                ],
                [
                    0.0,
                    0.0,
                    0.0,
                    1.0
                ]
            ],
            "colmap_im_id": 19
        },
        {
            "file_path": "images/frame_00018.jpg",
            "transform_matrix": [
                [
                    0.855951945534734,
                    0.45863304160753937,
                    -0.23875091639849444,
                    -2.547095927329463
                ],
                [
                    -0.013916348571694437,
                    -0.44114928498372485,
                    -0.8973258291171494,
                    -1.4270387196332004
                ],
                [
                    -0.5168680703794102,
                    0.771390330185805,
                    -0.3712200914795693,
                    -3.2026848762417597
                ],
                [
                    0.0,
                    0.0,
                    0.0,
                    1.0
                ]
            ],
            "colmap_im_id": 20
        },
        {
            "file_path": "images/frame_00032.jpg",
            "transform_matrix": [
                [
                    0.9738686199399861,
                    0.10585141578285,
                    0.2009362806288434,
                    -0.27467908908184574
                ],
                [
                    0.2266834202427823,
                    -0.5073746995363134,
                    -0.8313756920054073,
                    -1.2310908289999587
                ],
                [
                    0.013947690963784747,
                    0.8551996211687667,
                    -0.5181110593970921,
                    -4.108052492420155
                ],
                [
                    0.0,
                    0.0,
                    0.0,
                    1.0
                ]
            ],
            "colmap_im_id": 21
        },
        {
            "file_path": "images/frame_00021.jpg",
            "transform_matrix": [
                [
                    0.9365875266591289,
                    0.3322063628194679,
                    -0.11154701882522701,
                    -2.055947100774431
                ],
                [
                    0.055622059995492315,
                    -0.45520223414577465,
                    -0.8886490378493374,
                    -1.5321954439087937
                ],
                [
                    -0.3459913168684922,
                    0.8260931294539104,
                    -0.44481473685192946,
                    -3.6108925159392986
                ],
                [
                    0.0,
                    0.0,
                    0.0,
                    1.0
                ]
            ],
            "colmap_im_id": 22
        },
        {
            "file_path": "images/frame_00022.jpg",
            "transform_matrix": [
                [
                    0.9350743635424233,
                    0.33915204108785574,
                    -0.10301372564699052,
                    -1.9223628640160697
                ],
                [
                    0.06635855319100248,
                    -0.45299327095759473,
                    -0.8890408533276386,
                    -1.5202558474576482
                ],
                [
                    -0.34818454455091613,
                    0.8244834682958055,
                    -0.446088033288039,
                    -3.759570365618514
                ],
                [
                    0.0,
                    0.0,
                    0.0,
                    1.0
                ]
            ],
            "colmap_im_id": 23
        },
        {
            "file_path": "images/frame_00034.jpg",
            "transform_matrix": [
                [
                    0.9681651468437276,
                    0.10261094100134877,
                    0.22831391377636492,
                    -0.27581489551454624
                ],
                [
                    0.24772424603615173,
                    -0.5236014738942435,
                    -0.8151528657016401,
                    -1.191318416462141
                ],
                [
                    0.03590189915427655,
                    0.8457614860719265,
                    -0.5323519158550315,
                    -4.021644949634416
                ],
                [
                    0.0,
                    0.0,
                    0.0,
                    1.0
                ]
            ],
            "colmap_im_id": 24
        },
        {
            "file_path": "images/frame_00020.jpg",
            "transform_matrix": [
                [
                    0.9146473114648715,
                    0.37495655598385463,
                    -0.15108896966624888,
                    -2.185712558318103
                ],
                [
                    0.040137513946754425,
                    -0.456134350095232,
                    -0.8890053063043967,
                    -1.4931531023275992
                ],
                [
                    -0.40225523688854103,
                    0.8070619776621412,
                    -0.4322518809766094,
                    -3.4631086517782843
                ],
                [
                    0.0,
                    0.0,
                    0.0,
                    1.0
                ]
            ],
            "colmap_im_id": 25
        },
        {
            "file_path": "images/frame_00023.jpg",
            "transform_matrix": [
                [
                    0.9297268150691426,
                    0.35296480461042706,
                    -0.10499474295273782,
                    -1.8656290018955306
                ],
                [
                    0.06828204107384545,
                    -0.44541101013405965,
                    -0.8927186538423774,
                    -1.4887079184431293
                ],
                [
                    -0.3618640797429031,
                    0.8228152154388493,
                    -0.4382117171346998,
                    -3.73174473058044
                ],
                [
                    0.0,
                    0.0,
                    0.0,
                    1.0
                ]
            ],
            "colmap_im_id": 26
        },
        {
            "file_path": "images/frame_00016.jpg",
            "transform_matrix": [
                [
                    0.7699697723054895,
                    0.5434698438135677,
                    -0.33434574709586085,
                    -2.970749836485104
                ],
                [
                    -0.07914067458009118,
                    -0.4386020899617892,
                    -0.8951899018131063,
                    -1.3821941506663507
                ],
                [
                    -0.6331534595679321,
                    0.7157295128373619,
                    -0.29469978128724833,
                    -2.9467090986276663
                ],
                [
                    0.0,
                    0.0,
                    0.0,
                    1.0
                ]
            ],
            "colmap_im_id": 27
        },
        {
            "file_path": "images/frame_00026.jpg",
            "transform_matrix": [
                [
                    0.9381738289452113,
                    0.3372644221004217,
                    -0.0779908729759446,
                    -1.669451725353191
                ],
                [
                    0.08785377450183868,
                    -0.449902717233658,
                    -0.88874589131627,
                    -1.4570477097166659
                ],
                [
                    -0.3348306751002086,
                    0.8269463432478796,
                    -0.45171690736665915,
                    -3.787574917114599
                ],
                [
                    0.0,
                    0.0,
                    0.0,
                    1.0
                ]
            ],
            "colmap_im_id": 28
        },
        {
            "file_path": "images/frame_00038.jpg",
            "transform_matrix": [
                [
                    0.9577131850977206,
                    0.045546791767947944,
                    0.28409671742141995,
                    -0.0029594689641511125
                ],
                [
                    0.2637487149927677,
                    -0.533577110046899,
                    -0.8035745659076471,
                    -1.070699439748233
                ],
                [
                    0.114987262032117,
                    0.8445241011324938,
                    -0.5230267413590921,
                    -3.994309547963521
                ],
                [
                    0.0,
                    0.0,
                    0.0,
                    1.0
                ]
            ],
            "colmap_im_id": 29
        },
        {
            "file_path": "images/frame_00017.jpg",
            "transform_matrix": [
                [
                    0.8133048245409323,
                    0.5045469735969871,
                    -0.28977165805607086,
                    -2.7515056146543073
                ],
                [
                    -0.05326942127268304,
                    -0.43136683016482497,
                    -0.900602590819516,
                    -1.381495647870866
                ],
                [
                    -0.5793941932188452,
                    0.7479004006334483,
                    -0.32395579883158604,
                    -3.0984601109386616
                ],
                [
                    0.0,
                    0.0,
                    0.0,
                    1.0
                ]
            ],
            "colmap_im_id": 30
        },
        {
            "file_path": "images/frame_00039.jpg",
            "transform_matrix": [
                [
                    0.9438332477123819,
                    0.0016952562184478573,
                    0.33041780614708355,
                    0.1903564600689028
                ],
                [
                    0.27763776895483183,
                    -0.5462582791546572,
                    -0.7902652476888858,
                    -0.9837600761075583
                ],
                [
                    0.17915376011259515,
                    0.8376150778020571,
                    -0.5160473928586135,
                    -3.9052867999910306
                ],
                [
                    0.0,
                    0.0,
                    0.0,
                    1.0
                ]
            ],
            "colmap_im_id": 31
        },
        {
            "file_path": "images/frame_00035.jpg",
            "transform_matrix": [
                [
                    0.9725781208545795,
                    0.09792487386676046,
                    0.21095619903940777,
                    -0.33771628448651436
                ],
                [
                    0.23091940288477203,
                    -0.5146614984809998,
                    -0.8257116756790059,
                    -1.1212312999722762
                ],
                [
                    0.027713321820299668,
                    0.8517829894165947,
                    -0.5231612664697316,
                    -4.033990093421024
                ],
                [
                    0.0,
                    0.0,
                    0.0,
                    1.0
                ]
            ],
            "colmap_im_id": 32
        },
        {
            "file_path": "images/frame_00049.jpg",
            "transform_matrix": [
                [
                    0.7909113241571388,
                    -0.1805646708432893,
                    0.5846842540750147,
                    1.5838760969110495
                ],
                [
                    0.3785221751836626,
                    -0.6063843550917237,
                    -0.6992989180559507,
                    -0.2629076341302385
                ],
                [
                    0.4808120632994043,
                    0.774399388909398,
                    -0.4112485212648439,
                    -3.478316530609447
                ],
                [
                    0.0,
                    0.0,
                    0.0,
                    1.0
                ]
            ],
            "colmap_im_id": 33
        },
        {
            "file_path": "images/frame_00045.jpg",
            "transform_matrix": [
                [
                    0.8629517825558656,
                    -0.11457597723711266,
                    0.49212454361047175,
                    1.1586589439311918
                ],
                [
                    0.34532693350692245,
                    -0.5772700409773398,
                    -0.7399382466021918,
                    -0.5617380756175271
                ],
                [
                    0.36886790315553336,
                    0.8084748884351208,
                    -0.4585900400046419,
                    -3.760154312385803
                ],
                [
                    0.0,
                    0.0,
                    0.0,
                    1.0
                ]
            ],
            "colmap_im_id": 34
        },
        {
            "file_path": "images/frame_00036.jpg",
            "transform_matrix": [
                [
                    0.9709698289820033,
                    0.10172606988822842,
                    0.21649341309091674,
                    -0.25667439255105273
                ],
                [
                    0.23762883241719465,
                    -0.5138406894091953,
                    -0.8243180720519983,
                    -1.1215648336553818
                ],
                [
                    0.027388486827495163,
                    0.8518330544259116,
                    -0.5230968535335709,
                    -4.0574463285376385
                ],
                [
                    0.0,
                    0.0,
                    0.0,
                    1.0
                ]
            ],
            "colmap_im_id": 35
        },
        {
            "file_path": "images/frame_00037.jpg",
            "transform_matrix": [
                [
                    0.9661512133707829,
                    0.08216153468050354,
                    0.24454307416303622,
                    -0.1526610276859517
                ],
                [
                    0.2508031579046188,
                    -0.5211307428352454,
                    -0.8157944133524427,
                    -1.1151523898384939
                ],
                [
                    0.06041199290897987,
                    0.8495129375653615,
                    -0.52409747187125,
                    -4.038643029761926
                ],
                [
                    0.0,
                    0.0,
                    0.0,
                    1.0
                ]
            ],
            "colmap_im_id": 36
        },
        {
            "file_path": "images/frame_00042.jpg",
            "transform_matrix": [
                [
                    0.8848660948474029,
                    -0.09251623974794591,
                    0.45656624883187313,
                    1.0291425836446655
                ],
                [
                    0.323654435269415,
                    -0.5828138827333392,
                    -0.7453695624478676,
                    -0.601514031575398
                ],
                [
                    0.3350519373469482,
                    0.807321945370117,
                    -0.48576895310823087,
                    -3.7122568337911517
                ],
                [
                    0.0,
                    0.0,
                    0.0,
                    1.0
                ]
            ],
            "colmap_im_id": 37
        },
        {
            "file_path": "images/frame_00046.jpg",
            "transform_matrix": [
                [
                    0.8660190689221592,
                    -0.09851144071321197,
                    0.49021063667754455,
                    1.176956403589713
                ],
                [
                    0.35157388991328675,
                    -0.5771523431353058,
                    -0.7370827448425761,
                    -0.5829369380298626
                ],
                [
                    0.355537300707586,
                    0.8106729728207506,
                    -0.46519088441577405,
                    -3.853232768341484
                ],
                [
                    0.0,
                    0.0,
                    0.0,
                    1.0
                ]
            ],
            "colmap_im_id": 38
        },
        {
            "file_path": "images/frame_00043.jpg",
            "transform_matrix": [
                [
                    0.865681660755965,
                    -0.11269471886765281,
                    0.48774497698093716,
                    1.1820363140281587
                ],
                [
                    0.3378774117034512,
                    -0.5873844041654155,
                    -0.7354035738312783,
                    -0.522853525310455
                ],
                [
                    0.36936989169580525,
                    0.8014233975138113,
                    -0.47041090657641926,
                    -3.724821336566218
                ],
                [
                    0.0,
                    0.0,
                    0.0,
                    1.0
                ]
            ],
            "colmap_im_id": 39
        },
        {
            "file_path": "images/frame_00025.jpg",
            "transform_matrix": [
                [
                    0.9286935571063911,
                    0.35630974520265557,
                    -0.10281849280502356,
                    -1.8462360715193822
                ],
                [
                    0.07260697709558307,
                    -0.446583984905186,
                    -0.891790878683588,
                    -1.4826967422688841
                ],
                [
                    -0.3636708729966143,
                    0.8207351033675988,
                    -0.4406102429972063,
                    -3.7620320498287136
                ],
                [
                    0.0,
                    0.0,
                    0.0,
                    1.0
                ]
            ],
            "colmap_im_id": 40
        },
        {
            "file_path": "images/frame_00019.jpg",
            "transform_matrix": [
                [
                    0.8863146881596746,
                    0.42030850697901045,
                    -0.19438886931481852,
                    -2.3515339405589026
                ],
                [
                    0.017533147337870075,
                    -0.44992746654569515,
                    -0.8928929743212234,
                    -1.4516622843254265
                ],
                [
                    -0.46275140442449986,
                    0.7879759094089409,
                    -0.4061466531861435,
                    -3.321958036496212
                ],
                [
                    0.0,
                    0.0,
                    0.0,
                    1.0
                ]
            ],
            "colmap_im_id": 41
        },
        {
            "file_path": "images/frame_00063.jpg",
            "transform_matrix": [
                [
                    0.3367434075144389,
                    -0.3555573238423613,
                    0.8718846637931086,
                    3.1127736585365056
                ],
                [
                    0.39387290947656567,
                    -0.7878695571271477,
                    -0.4734191505766712,
                    0.6860303727197673
                ],
                [
                    0.8552590301633939,
                    0.5028325272039686,
                    -0.12526548171639487,
                    -2.0001916471224215
                ],
                [
                    0.0,
                    0.0,
                    0.0,
                    1.0
                ]
            ],
            "colmap_im_id": 42
        },
        {
            "file_path": "images/frame_00062.jpg",
            "transform_matrix": [
                [
                    0.3352639735744507,
                    -0.36656885302744147,
                    0.8678855592837204,
                    3.1528117870491634
                ],
                [
                    0.3864595421151077,
                    -0.7866215466959068,
                    -0.4815345933387553,
                    0.6950370948741237
                ],
                [
                    0.8592130645720251,
                    0.496843857025409,
                    -0.12206183434990475,
                    -2.062776940415152
                ],
                [
                    0.0,
                    0.0,
                    0.0,
                    1.0
                ]
            ],
            "colmap_im_id": 43
        },
        {
            "file_path": "images/frame_00031.jpg",
            "transform_matrix": [
                [
                    0.9795853321001803,
                    0.13413286345896658,
                    0.1497362750788123,
                    -0.43929935608924925
                ],
                [
                    0.1974519982222721,
                    -0.5020995497548176,
                    -0.8419671908893132,
                    -1.2598429876791981
                ],
                [
                    -0.03775295395345061,
                    0.8543444370254349,
                    -0.5183341561111722,
                    -4.092327914502661
                ],
                [
                    0.0,
                    0.0,
                    0.0,
                    1.0
                ]
            ],
            "colmap_im_id": 44
        },
        {
            "file_path": "images/frame_00047.jpg",
            "transform_matrix": [
                [
                    0.8561161657401064,
                    -0.11311804726923008,
                    0.5042513442128389,
                    1.2455060702289065
                ],
                [
                    0.3592546313252287,
                    -0.5711374414468011,
                    -0.7380637728875302,
                    -0.47136450465284924
                ],
                [
                    0.3714851553290289,
                    0.8130229580765836,
                    -0.448321814114113,
                    -3.8068360443779827
                ],
                [
                    0.0,
                    0.0,
