{"default_fov": 110.59, "default_transition_sec": 10.0, "keyframes": [{"matrix": [-0.7837052905627704, 0.20486899852243, -0.5863742073013958, -0.33447120084585097, -0.6211328501568112, -0.25849046298837763, 0.7398490812322002, 0.4220141465349963, 5.551115123125783e-17, 0.9440399218192369, 0.32983120836502, 0.1881376072900533, 0.0, 0.0, 0.0, 1.0], "fov": 110.59, "aspect": 1.7777777777777777, "override_transition_enabled": false, "override_transition_sec": null}, {"matrix": [-0.7837052905627704, 0.20486899852243, -0.5863742073013958, -0.33447120084585097, -0.6211328501568112, -0.25849046298837763, 0.7398490812322002, 0.4220141465349963, 5.551115123125783e-17, 0.9440399218192369, 0.32983120836502, 0.1881376072900533, 0.0, 0.0, 0.0, 1.0], "fov": 110.59, "aspect": 1.7777777777777777, "override_transition_enabled": false, "override_transition_sec": null}, {"matrix": [0.36272452753275497, 0.8147234465227376, -0.4523899013155042, -0.2967910320580661, -0.9318964090102181, 0.3171169824805896, -0.17608492921390445, -0.11552076586877424, -5.551115123125783e-17, 0.4854508472631574, 0.8742639617938524, 0.5735621037460117, 0.0, 0.0, 0.0, 1.0], "fov": 110.59, "aspect": 1.7777777777777777, "override_transition_enabled": false, "override_transition_sec": null}, {"matrix": [0.13171728565210528, 0.7911416903341117, -0.5972816609236599, -0.3040494953708234, -0.9885352906341818, 0.14969736539503908, -0.019714917310946933, -0.011973526922386712, 0.07381419803286504, 0.5930307956666907, 0.8017892114263553, 0.49931642870353554, 0.0, 0.0, 0.0, 1.0], "fov": 110.59, "aspect": 1.7777777777777777, "override_transition_enabled": false, "override_transition_sec": null}], "camera_type": "perspective", "render_height": 1080.0, "render_width": 1920.0, "fps": 24.0, "seconds": 40.0, "is_cycle": true, "smoothness_value": 0.0, "camera_path": [{"camera_to_world": [-0.7837052905627704, 0.20486899852243, -0.5863742073013958, -0.33447120084585097, -0.6211328501568112, -0.25849046298837763, 0.7398490812322002, 0.4220141465349963, 5.551115123125783e-17, 0.9440399218192369, 0.32983120836502, 0.1881376072900533, 0.0, 0.0, 0.0, 1.0], "fov": 110.58999999999999, "aspect": 1.7777777777777777}, {"camera_to_world": [-0.7849654460826357, 0.20315595696484384, -0.5852836112569599, -0.3345343780665823, -0.6195390607277649, -0.25858312020554686, 0.7411518887362584, 0.42291541536961813, -0.0007750411914788091, 0.9443846817343359, 0.3288418650608359, 0.1874913774755057, 0.0, 0.0, 0.0, 1.0], "fov": 110.58999999999999, "aspect": 1.7777777777777777}, {"camera_to_world": [-0.7862133719026594, 0.20145325100925057, -0.5841961327321972, -0.33459715157250536, -0.6179531858510756, -0.2586716207048373, 0.7424438381038927, 0.42381092491995165, -0.0015472355855207787, 0.9447251347877526, 0.3278597653910983, 0.18684927719598082, 0.0, 0.0, 0.0, 1.0], "fov": 110.58999999999999, "aspect": 1.7777777777777777}, {"camera_to_world": [-0.7874491100867314, 0.19976094485933787, -0.5831118794301138, -0.3346595197884329, -0.6163753181010267, -0.25875603044919504, 0.7437249383623177, 0.4247006527148082, -0.0023165188263963854, 0.9450613110349402, 0.3268849218386297, 0.1862113225638213, 0.0, 0.0, 0.0, 1.0], "fov": 110.58999999999999, "aspect": 1.7777777777777777}, {"camera_to_world": [-0.788672702894036, 0.1980791023300708, -0.5820309587383898, -0.33472148113917755, -0.6148055496568987, -0.25883641535209223, 0.7449951987756417, 0.42558457628299856, -0.003082826770094471, 0.9453932405659523, 0.325917346686722, 0.18557752969136992, 0.0, 0.0, 0.0, 1.0], "fov": 110.58999999999999, "aspect": 1.7777777777777777}, {"camera_to_world": [-0.7898841927681028, 0.19640778685014007, -0.5809534777240888, -0.3347830340495518, -0.6132439723018804, -0.2589128412702847, 0.7462546288370742, 0.4264626731533337, -0.003846095486834289, 0.9457209535005444, 0.32495705202307523, 0.18494791469096925, 0.0, 0.0, 0.0, 1.0], "fov": 110.58999999999999, "aspect": 1.7777777777777777}, {"camera_to_world": [-0.791083622325818, 0.19474706146447135, -0.5798795431284125, -0.3348441769443685, -0.6116906774220405, -0.2589853739965644, 0.7475032382610961, 0.42733492085462454, -0.004606261263543687, 0.9460444799832687, 0.32400404974376285, 0.18432249367496198, 0.0, 0.0, 0.0, 1.0], "fov": 110.58999999999999, "aspect": 1.7777777777777777}, {"camera_to_world": [-0.7922710343464016, 0.19309698883679238, -0.5788092613615016, -0.3349049082484402, -0.6101457560053599, -0.2590540792525179, 0.7487410369755876, 0.42820129691568243, -0.005363260606310316, 0.9463638501785632, 0.32305835155723006, 0.18370128275569084, 0.0, 0.0, 0.0, 1.0], "fov": 110.58999999999999, "aspect": 1.7777777777777777}, {"camera_to_world": [-0.7934464717603459, 0.1914576312522617, -0.5777427384972762, -0.33496522638657955, -0.6086092986408176, -0.2591190226812866, 0.7499680351139156, 0.42906177886531793, -0.006117030242800914, 0.946679094265828, 0.32211996898832673, 0.18308429804549847, 0.0, 0.0, 0.0, 1.0], "fov": 110.58999999999999, "aspect": 1.7777777777777777}, {"camera_to_world": [-0.79460997763832, 0.18982905062015618, -0.5766800802683223, -0.3350251297835993, -0.6070813955175379, -0.25918026984033093, 0.7511842430069815, 0.4299163442323423, -0.006867507124651451, 0.9469902424344949, 0.3211889133823729, 0.18247155565672754, 0.0, 0.0, 0.0, 1.0], "fov": 110.58999999999999, "aspect": 1.7777777777777777}, {"camera_to_world": [-0.7957615951800423, 0.18821130847661377, -0.575621392060819, -0.3350846168643119, -0.6055621364239923, -0.25923788619419796, 0.7523896711752323, 0.4307649705455664, -0.007614628429828851, 0.9472973248790924, 0.32026519590925084, 0.18186307170172072, 0.0, 0.0, 0.0, 1.0], "fov": 110.58999999999999, "aspect": 1.7777777777777777}, {"camera_to_world": [-0.796901367703115, 0.18660446598743347, -0.5745667789095097, -0.33514368605353023, -0.6040516107472562, -0.2592919371072884, 0.7535843303206318, 0.4316076353338013, -0.008358331564962684, 0.9476003717942996, 0.319348827567529, 0.1812588622928207, 0.0, 0.0, 0.0, 1.0], "fov": 110.58999999999999, "aspect": 1.7777777777777777}, {"camera_to_world": [-0.7980293386318291, 0.1850085839509316, -0.5735163454927124, -0.33520233577606684, -0.6025499074723217, -0.2593424878366326, 0.7547682313185965, 0.43244431612585804, -0.00909855416765104, 0.9478994133699931, 0.3184398191886204, 0.18065894354237017, 0.0, 0.0, 0.0, 1.0], "fov": 110.58999999999999, "aspect": 1.7777777777777777}, {"camera_to_world": [-0.7991455514859376, 0.18342372280085414, -0.5724701961273728, -0.33526056445673424, -0.601057115181464, -0.2593896035246662, 0.7559413852098938, 0.4332749904505474, -0.00983523410873377, 0.9481944797862895, 0.3175381814409636, 0.18006333156271176, 0.0, 0.0, 0.0, 1.0], "fov": 110.58999999999999, "aspect": 1.7777777777777777}, {"camera_to_world": [-0.8002500498693926, 0.18184994260933857, -0.5714284347641574, -0.3353183705203453, -0.5995733220536603, -0.2594333491920088, 0.7571038031925048, 0.4340996358366806, -0.010568309494543737, 0.948485601208578, 0.3166439248342372, 0.17947204246618817, 0.0, 0.0, 0.0, 1.0], "fov": 110.58999999999999, "aspect": 1.7777777777777777}, {"camera_to_world": [-0.8013428774590611, 0.1802873030899332, -0.5703911649825859, -0.3353757523917126, -0.5980986158640615, -0.2594737897302499, 0.7582554966134544, 0.43491822981306855, -0.011297718669125989, 0.9487728077825487, 0.3157570597235989, 0.17888509236514208, 0.0, 0.0, 0.0, 1.0], "fov": 110.58999999999999, "aspect": 1.7777777777777777}, {"camera_to_world": [-0.8024240779933977, 0.17873586360066754, -0.569358489986203, -0.33543270849564866, -0.5966330839835159, -0.2595109898947362, 0.7593964769606013, 0.43573074990852223, -0.012023400216434277, 0.9490561296292109, 0.31487759631396095, 0.1783024973719161, 0.0, 0.0, 0.0, 1.0], "fov": 110.58999999999999, "aspect": 1.7777777777777777}, {"camera_to_world": [-0.8034936952611018, 0.1771956831471706, -0.5683305125977904, -0.33548923725696633, -0.5951768133781422, -0.259545014297359, 0.7605267558544038, 0.4365371736518526, -0.012745292962496324, 0.9493355968399118, 0.31400554466427644, 0.17772427359885304, 0.0, 0.0, 0.0, 1.0], "fov": 110.58999999999999, "aspect": 1.7777777777777777}, {"camera_to_world": [-0.8045517730897348, 0.17566682038584316, -0.5673073352546147, -0.33554533710047807, -0.593729890608953, -0.25957592739935265, 0.7616463450396429, 0.4373374785718707, -0.013463335977559221, 0.9496112394713396, 0.31314091469187066, 0.17715043715829545, 0.0, 0.0, 0.0, 1.0], "fov": 110.58999999999999, "aspect": 1.7777777777777777}, {"camera_to_world": [-0.8055983553343163, 0.17414933362707727, -0.5662890600037129, -0.3356010064509967, -0.592292401831526, -0.2596037935040907, 0.7627552563771206, 0.43813164219738765, -0.014177468578203567, 0.9498830875405299, 0.31228371617678674, 0.17658100416258607, 0.0, 0.0, 0.0, 1.0], "fov": 110.58999999999999, "aspect": 1.7777777777777777}, {"camera_to_world": [-0.8066334858658923, 0.1726432808385233, -0.5652757884972164, -0.33565624373333475, -0.5908644327957242, -0.25962867674988865, 0.7638535018353249, 0.43891964205721407, -0.014887630329436852, 0.9501511710198606, 0.31143395876615887, 0.17601599072406754, 0.0, 0.0, 0.0, 1.0], "fov": 110.58999999999999, "aspect": 1.7777777777777777}, {"camera_to_world": [-0.8076572085600715, 0.1711487196484066, -0.5642676219877096, -0.33571104737230495, -0.5894460688454629, -0.25965064110281066, 0.7649410934820601, 0.43970145568016133, -0.015593761046760468, 0.9504155198320422, 0.31059165197861616, 0.17545541295508252, 0.0, 0.0, 0.0, 1.0], "fov": 110.58999999999999, "aspect": 1.7777777777777777}, {"camera_to_world": [-0.8086695672855423, 0.16966570734888536, -0.5632646613236234, -0.3357654157927199, -0.5880373949185194, -0.25966975034947404, 0.7660180434760548, 0.4404770605950404, -0.016295800798212245, 0.9506761638451047, 0.3097568052087004, 0.17489928696797372, 0.0, 0.0, 0.0, 1.0], "fov": 110.58999999999999, "aspect": 1.7777777777777777}, {"camera_to_world": [-0.8096706058925625, 0.16819430089946077, -0.5622670069446647, -0.33581934741939223, -0.5866384955463932, -0.2596860680898705, 0.7670843640585349, 0.44124643433066196, -0.01699368990638722, 0.9509331328673768, 0.30892942773132015, 0.17434762887508382, 0.0, 0.0, 0.0, 1.0], "fov": 110.58999999999999, "aspect": 1.7777777777777777}, {"camera_to_world": [-0.8106603682014234, 0.16673455693042447, -0.56127475887728, -0.33587284067713463, -0.5852494548542057, -0.25969965773017667, 0.7681400675447706, 0.4420095544158372, -0.017687368950433213, 0.9511864566424634, 0.30810952870621644, 0.17380045478875547, 0.0, 0.0, 0.0, 1.0], "fov": 110.58999999999999, "aspect": 1.7777777777777777}, {"camera_to_world": [-0.8116388979908858, 0.16528653174635224, -0.5602880167301487, -0.3359258939907598, -0.583870356560643, -0.259710582475575, 0.7691851663155925, 0.44276639837937726, -0.018376778768026014, 0.9514361648442108, 0.3072971171824609, 0.17325778082133134, 0.0, 0.0, 0.0, 1.0], "fov": 110.58999999999999, "aspect": 1.7777777777777777}, {"camera_to_world": [-0.8126062389866041, 0.16385028132964008, -0.5593068796897136, -0.33597850578508026, -0.5825012839779424, -0.2597189053230824, 0.7702196728088864, 0.4435169437500929, -0.019061860457322055, 0.9516822870716768, 0.30649220210297046, 0.17271962308515412, 0.0, 0.0, 0.0, 1.0], "fov": 110.58999999999999, "aspect": 1.7777777777777777}, {"camera_to_world": [-0.8135624348495173, 0.16242586134407908, -0.5583314465157402, -0.33603067448490864, -0.5811423200119197, -0.25972468905437196, 0.7712435995110581, 0.44426116805679516, -0.019742555378886806, 0.9519248528440908, 0.3056947923090412, 0.17218599769256648, 0.0, 0.0, 0.0, 1.0], "fov": 110.58999999999999, "aspect": 1.7777777777777777}, {"camera_to_world": [-0.8145075291642204, 0.16101332713847175, -0.5573618155369058, -0.3360823985150578, -0.5797935471620325, -0.25972799622860887, 0.7722569589484704, 0.44499904882829516, -0.020418805157608688, 0.9521638915958065, 0.3049048965449137, 0.17165692075591113, 0.0, 0.0, 0.0, 1.0], "fov": 110.58999999999999, "aspect": 1.7777777777777777}, {"camera_to_world": [-0.8154415654273175, 0.15961273375028706, -0.5563980846464216, -0.3361336763003402, -0.5784550475214876, -0.2597288891752817, 0.7732597636788612, 0.4457305635934038, -0.021090551684585346, 0.9523994326712584, 0.30412252346234625, 0.1711324083875307, 0.0, 0.0, 0.0, 1.0], "fov": 110.58999999999999, "aspect": 1.7777777777777777}, {"camera_to_world": [-0.8163645870357473, 0.15822413590935228, -0.5554403512976814, -0.3361845062655686, -0.577126902777382, -0.259727429987039, 0.7742520262827302, 0.44645568988093204, -0.02175773711899498, 0.9526315053199039, 0.30334768162521764, 0.1706124766997678, 0.0, 0.0, 0.0, 1.0], "fov": 110.58999999999999, "aspect": 1.7777777777777777}, {"camera_to_world": [-0.817276637275102, 0.15684758804158097, -0.5544887124999394, -0.3362348868355556, -0.5758091942108812, -0.2597236805125349, 0.7752337593547116, 0.4471744052196908, -0.022420303889947035, 0.952860138691173, 0.3025803795141401, 0.17009714180496524, 0.0, 0.0, 0.0, 1.0], "fov": 110.58999999999999, "aspect": 1.7777777777777777}, {"camera_to_world": [-0.818177759307906, 0.15548314427273924, -0.553543264814014, -0.3362848164351138, -0.5745020026974333, -0.2597177023492694, 0.776204975494911, 0.44788668713849134, -0.023078194698315457, 0.9530853618294006, 0.3018206255311049, 0.16958641981546563, 0.0, 0.0, 0.0, 1.0], "fov": 110.58999999999999, "aspect": 1.7777777777777777}, {"camera_to_world": [-0.8190679961618945, 0.15413085843224197, -0.5526041043480221, -0.33633429348905597, -0.5732054087070182, -0.2597095568364336, 0.7771656873002334, 0.44859251316614446, -0.023731352518550686, 0.953307203668767, 0.3010684280041276, 0.16908032684361166, 0.0, 0.0, 0.0, 1.0], "fov": 110.58999999999999, "aspect": 1.7777777777777777}, {"camera_to_world": [-0.8199473907182636, 0.1527907840569871, -0.5516713267531337, -0.33638331642219466, -0.5719194923044276, -0.2596993050477643, 0.7781159073556807, 0.44929186083146105, -0.02437972060047844, 0.9535256930282265, 0.30032379519192787, 0.16857887900174595, 0.0, 0.0, 0.0, 1.0], "fov": 110.58999999999999, "aspect": 1.7777777777777777}, {"camera_to_world": [-0.8208159856999065, 0.15146297439521478, -0.5507450272193528, -0.3364318836593425, -0.5706443331495763, -0.2596870077843928, 0.779055648225635, 0.44998470766325244, -0.025023242471080898, 0.9537408586064369, 0.2995867352886141, 0.16808209240221123, 0.0, 0.0, 0.0, 1.0], "fov": 110.58999999999999, "aspect": 1.7777777777777777}, {"camera_to_world": [-0.8216738236596276, 0.15014748241040837, -0.5498253004713265, -0.3364799936253122, -0.5693800104978508, -0.25967272556769994, 0.7799849224451136, 0.45067103119032925, -0.025661861936257357, 0.953952728976682, 0.29885725642839267, 0.16758998315735013, 0.0, 0.0, 0.0, 1.0], "fov": 110.58999999999999, "aspect": 1.7777777777777777}, {"camera_to_world": [-0.8225209469683439, 0.1488443607852134, -0.5489122407641684, -0.3365276447449165, -0.5681266032004775, -0.259656518632173, 0.7809037425110136, 0.4513508089415028, -0.026295523082576377, 0.9541613325817923, 0.29813536669028784, 0.16710256737950538, 0.0, 0.0, 0.0, 1.0], "fov": 110.58999999999999, "aspect": 1.7777777777777777}, {"camera_to_world": [-0.8233573978032728, 0.14755366192539168, -0.548005941879311, -0.3365748354429678, -0.5668841897049259, -0.259638446918267, 0.7818121208733335, 0.45202401844558376, -0.026924170279008952, 0.9543666977290635, 0.29742107410287755, 0.16661986118101962, 0.0, 0.0, 0.0, 1.0], "fov": 110.58999999999999, "aspect": 1.7777777777777777}, {"camera_to_world": [-0.824183218136097, 0.14627543796380038, -0.5471064971203738, -0.336621564144279, -0.565652848055336, -0.2596185700652621, 0.7827100699263783, 0.45269063723138336, -0.027547748178648024, 0.9545688525851697, 0.2967143866490445, 0.16614188067423555, 0.0, 0.0, 0.0, 1.0], "fov": 110.58999999999999, "aspect": 1.7777777777777777}, {"camera_to_world": [-0.8249984497211197, 0.14500974076439885, -0.5462139993090537, -0.33666782927366257, -0.5644326558929718, -0.25959694740413064, 0.7835976019999442, 0.4533506428277126, -0.02816620172041584, 0.9547678251710721, 0.29601531227074396, 0.1656686419714958, 0.0, 0.0, 0.0, 1.0], "fov": 110.58999999999999, "aspect": 1.7777777777777777}, {"camera_to_world": [-0.8258031340834008, 0.14375662192628383, -0.5453285407810378, -0.3367136292559313, -0.5632236904567065, -0.2595736379503992, 0.784474729350489, 0.4540040127633823, -0.028779476130754544, 0.9549636433569282, 0.2953238588737809, 0.16520016118514308, 0.0, 0.0, 0.0, 1.0], "fov": 110.58999999999999, "aspect": 1.7777777777777777}, {"camera_to_world": [-0.8265973125068852, 0.142516132787737, -0.5444502133819239, -0.3367589625158977, -0.5620260285835157, -0.2595487003970147, 0.7853414641522893, 0.45465072456720346, -0.029387516925312274, 0.9551563348569954, 0.2946400343326002, 0.16473645442752002, 0.0, 0.0, 0.0, 1.0], "fov": 110.58999999999999, "aspect": 1.7777777777777777}, {"camera_to_world": [-0.8273810260225136, 0.1412883244303061, -0.5435791084631655, -0.33680382747837456, -0.560839746709006, -0.2595221931072126, 0.7861978184885793, 0.45529075576798733, -0.029990269910610712, 0.9553459272245314, 0.2939638464950908, 0.16427753781096935, 0.0, 0.0, 0.0, 1.0], "fov": 110.58999999999999, "aspect": 1.7777777777777777}, {"camera_to_world": [-0.8281543153963196, 0.14007324768289925, -0.542715316878029, -0.3368482225681744, -0.5596649208679563, -0.2594941741073822, 0.7870438043426761, 0.45592408389454475, -0.03058768118570726, 0.9555324478466932, 0.29329530318739927, 0.1638234274478337, 0.0, 0.0, 0.0, 1.0], "fov": 110.58999999999999, "aspect": 1.7777777777777777}, {"camera_to_world": [-0.8289172211175169, 0.13887095312590836, -0.5418589289775673, -0.33689214621011, -0.5585016266948851, -0.25946470107993835, 0.7878794335890905, 0.4565506864756864, -0.031179697143842056, 0.9557159239394312, 0.29263441221875797, 0.1633741394504558, 0.0, 0.0, 0.0, 1.0], "fov": 110.58999999999999, "aspect": 1.7777777777777777}, {"camera_to_world": [-0.8296697833865728, 0.13768149109534328, -0.5410100346066058, -0.3369355968289939, -0.5573499394246317, -0.2594338313561877, 0.7887047179846263, 0.4571705410402239, -0.03176626447407971, 0.9558963825423823, 0.291981181386319, 0.1629296899311783, 0.0, 0.0, 0.0, 1.0], "fov": 110.58999999999999, "aspect": 1.7777777777777777}, {"camera_to_world": [-0.8304120421032716, 0.13650491168698517, -0.5401687230997392, -0.3369785728496388, -0.5562099338929536, -0.25940162190920035, 0.7895196691594659, 0.45778362511696774, -0.032347330162943444, 0.9560738505137585, 0.2913356184800012, 0.16249009500234385, 0.0, 0.0, 0.0, 1.0], "fov": 110.58999999999999, "aspect": 1.7777777777777777}, {"camera_to_world": [-0.8311440368547662, 0.1353412647605579, -0.5393350832773405, -0.3370210726968573, -0.5550816845371409, -0.25936812934667675, 0.7903242986082458, 0.4583899162347292, -0.032922841496037136, 0.9562483545252344, 0.29069773128734355, 0.16205537077629512, 0.0, 0.0, 0.0, 1.0], "fov": 110.58999999999999, "aspect": 1.7777777777777777}, {"camera_to_world": [-0.8318658069036201, 0.13419059994391042, -0.5385092034415782, -0.3370630947954621, -0.5539652653966425, -0.2593334099038159, 0.7911186176811208, 0.458989391922319, -0.0334927460596654, 0.9564199210568302, 0.29006752759836774, 0.1616255333653748, 0.0, 0.0, 0.0, 1.0], "fov": 110.58999999999999, "aspect": 1.7777777777777777}, {"camera_to_world": [-0.8325773911758368, 0.13305296663721972, -0.5376911713724458, -0.3371046375702659, -0.552860750113709, -0.25929751943618495, 0.7919026375748147, 0.45958202970854833, -0.03405699174244359, 0.9565885763917926, 0.28944501521045196, 0.16120059888192556, 0.0, 0.0, 0.0, 1.0], "fov": 110.58999999999999, "aspect": 1.7777777777777777}, {"camera_to_world": [-0.833278828248884, 0.13192841401719888, -0.5368810743237957, -0.3371456994460812, -0.551768211934045, -0.2592605134125837, 0.7926763693236667, 0.4601678071222282, -0.0346155267369041, 0.9567543466114747, 0.2888302019332063, 0.1607805834382901, 0.0, 0.0, 0.0, 1.0], "fov": 110.58999999999999, "aspect": 1.7777777777777777}, {"camera_to_world": [-0.833970156339709, 0.13081699104131667, -0.5360789990193779, -0.3371862788477208, -0.5506877237074652, -0.2592224469079142, 0.793439823790667, 0.46074670169216947, -0.035168299541100845, 0.956917257590211, 0.2882230955933571, 0.16036550314681108, 0.0, 0.0, 0.0, 1.0], "fov": 110.58999999999999, "aspect": 1.7777777777777777}, {"camera_to_world": [-0.8346514132927378, 0.12971874645203083, -0.5352850316488866, -0.3372263741999972, -0.5496193578885676, -0.25918337459603824, 0.7941930116584813, 0.4613186909471832, -0.035715258960204166, 0.9570773349901897, 0.2876237040396391, 0.15995537411983113, 0.0, 0.0, 0.0, 1.0], "fov": 110.58999999999999, "aspect": 1.7777777777777777}, {"camera_to_world": [-0.8353226365678772, 0.1286337287810278, -0.5344992578640119, -0.33726598392772317, -0.5485631865374112, -0.2591433507426454, 0.794935943420472, 0.4618837524160805, -0.036256354108097716, 0.9572346042563252, 0.28703203514769016, 0.159550212469693, 0.0, 0.0, 0.0, 1.0], "fov": 110.58999999999999, "aspect": 1.7777777777777777}, {"camera_to_world": [-0.8359838632285029, 0.12756198635346583, -0.5337217627744879, -0.3373051064557113, -0.5475192813201943, -0.25910242919810833, 0.7956686293717113, 0.46244186362767215, -0.036791534408971066, 0.9573890906111256, 0.28644809682494976, 0.15915003430873934, 0.0, 0.0, 0.0, 1.0], "fov": 110.58999999999999, "aspect": 1.7777777777777777}, {"camera_to_world": [-0.8366351299294408, 0.12650356729222736, -0.5329526309441477, -0.33734374020877433, -0.546487713509941, -0.2590606633903423, 0.7963910795999869, 0.4629930021107692, -0.0373207495989126, 0.9575408190495571, 0.28587189701556626, 0.15875485574931275, 0.0, 0.0, 0.0, 1.0], "fov": 110.58999999999999, "aspect": 1.7777777777777777}, {"camera_to_world": [-0.8372764729049463, 0.1254585195221735, -0.5321919463869756, -0.3373818836117248, -0.5454685539871896, -0.25901810631765854, 0.7971033039768051, 0.4635371453941827, -0.03784394972750024, 0.95768981433391, 0.2853034437053008, 0.15836469290375602, 0.0, 0.0, 0.0, 1.0], "fov": 110.58999999999999, "aspect": 1.7777777777777777}, {"camera_to_world": [-0.8379079279566705, 0.1244268907744038, -0.5314397925631594, -0.3374195350893754, -0.5444618732406826, -0.2589748105416141, 0.7978053121483849, 0.4640742710067237, -0.0383610851593926, 0.9578361009886555, 0.2847427449264407, 0.15797956188441173, 0.0, 0.0, 0.0, 1.0], "fov": 110.58999999999999, "aspect": 1.7777777777777777}, {"camera_to_world": [-0.8385295304416283, 0.12340872859051186, -0.5306962523751381, -0.33745669306653875, -0.5434677413680529, -0.2589308281798607, 0.7984971135266544, 0.46460435647720305, -0.03887210657592474, 0.9579797032953073, 0.2841898087627087, 0.15759947880362263, 0.0, 0.0, 0.0, 1.0], "fov": 110.58999999999999, "aspect": 1.7777777777777777}, {"camera_to_world": [-0.8391413152601555, 0.12240408032684646, -0.5299614081636469, -0.33749335596802754, -0.542486228076511, -0.25888621089898445, 0.7991787172802378, 0.4651273793344319, -0.03937696497670029, 0.9581206452872757, 0.28364464335417683, 0.1572244597737313, 0.0, 0.0, 0.0, 1.0], "fov": 110.58999999999999, "aspect": 1.7777777777777777}, {"camera_to_world": [-0.8397433168438662, 0.1214129931587668, -0.5292353417037563, -0.33752952221865445, -0.541517402683527, -0.25884100990734915, 0.7998501323254442, 0.4656433171072211, -0.039875611681193385, 0.9582589507447207, 0.2831072569021814, 0.15685452090708052, 0.0, 0.0, 0.0, 1.0], "fov": 110.58999999999999, "aspect": 1.7777777777777777}, {"camera_to_world": [-0.8403355691436023, 0.12043551408489717, -0.5285181342009045, -0.33756519024323206, -0.5405613341175077, -0.25879527594792484, 0.800511367317253, 0.4661521473243817, -0.040367998330348015, 0.9583946431894037, 0.2825776576742345, 0.1564896783160129, 0.0, 0.0, 0.0, 1.0], "fov": 110.58999999999999, "aspect": 1.7777777777777777}, {"camera_to_world": [-0.8409181056173791, 0.11947168993137727, -0.5278098662869233, -0.337600358466573, -0.539618090918469, -0.2587490592911206, 0.8011624306402962, 0.4666538475147246, -0.04085407688818746, 0.9585277458795345, 0.28205585400894084, 0.15612994811287115, 0.0, 0.0, 0.0, 1.0], "fov": 110.58999999999999, "aspect": 1.7777777777777777}, {"camera_to_world": [-0.8414909592183341, 0.11852156735610231, -0.5271106180160492, -0.33763502531349, -0.5386877412386933, -0.2587024097276053, 0.8018033303998462, 0.46714839520706103, -0.041333799643426594, 0.9586582818046185, 0.28154185432090517, 0.1557753464099979, 0.0, 0.0, 0.0, 1.0], "fov": 110.58999999999999, "aspect": 1.7777777777777777}, {"camera_to_world": [-0.842054162382664, 0.11758519285296079, -0.5264204688609304, -0.33766918920879563, -0.5377703528433856, -0.25865537656112414, 0.8024340744127977, 0.4676357679302018, -0.04180711921109165, 0.9587862736802998, 0.28103566710564454, 0.15542588931973583, 0.0, 0.0, 0.0, 1.0], "fov": 110.58999999999999, "aspect": 1.7777777777777777}, {"camera_to_world": [-0.8426077470175666, 0.11666261275606232, -0.525739497708618, -0.3377028485773027, -0.5368659931113124, -0.2586080086013116, 0.8030546701986536, 0.4681159432129579, -0.0422739885341466, 0.9589117439432022, 0.28053730094449425, 0.15508159295442767, 0.0, 0.0, 0.0, 1.0], "fov": 110.58999999999999, "aspect": 1.7777777777777777}, {"camera_to_world": [-0.8431517444891753, 0.11575387324395056, -0.5250677828565411, -0.3377360018438237, -0.5359747290354273, -0.25856035415649203, 0.8036651249705126, 0.46858889858414027, -0.04273436088513094, 0.959034714745766, 0.28004676450951294, 0.15474247342641603, 0.0, 0.0, 0.0, 1.0], "fov": 110.58999999999999, "aspect": 1.7777777777777777}, {"camera_to_world": [-0.8436861856104995, 0.11485902034380957, -0.5244054020084719, -0.3377686474331712, -0.5350966272234849, -0.25851246102647907, 0.8042654456260598, 0.4690546115725601, -0.04318818986780337, 0.9591552079510877, 0.2795640665683786, 0.15440854684804362, 0.0, 0.0, 0.0, 1.0], "fov": 110.58999999999999, "aspect": 1.7777777777777777}, {"camera_to_world": [-0.8442111006293537, 0.11397809993565503, -0.52375243227047, -0.3378007837701581, -0.5342317538986359, -0.2584643764953609, 0.8048556387385578, 0.4695130597070283, -0.043635429418796945, 0.9592732451277489, 0.27908921598928715, 0.15407982933165312, 0.0, 0.0, 0.0, 1.0], "fov": 110.58999999999999, "aspect": 1.7777777777777777}, {"camera_to_world": [-0.8447265192162995, 0.11311115775650671, -0.5231089501468096, -0.3378324092795969, -0.5333801749000023, -0.2584161473242853, 0.8054357105478476, 0.4699642205163558, -0.04407603380928854, 0.9593888475446521, 0.2786222217458374, 0.15375633698958718, 0.0, 0.0, 0.0, 1.0], "fov": 110.58999999999999, "aspect": 1.7777777777777777}, {"camera_to_world": [-0.8452324704525755, 0.11225823940455026, -0.5224750315358884, -0.33786352238630013, -0.5325419556832381, -0.25836781974422796, 0.8060056669513477, 0.4704080715293536, -0.04450995764667545, 0.9595020361658465, 0.2781630929219153, 0.15343808593418845, 0.0, 0.0, 0.0, 1.0], "fov": 110.58999999999999, "aspect": 1.7777777777777777}, {"camera_to_world": [-0.845728982818032, 0.11141939034327705, -0.5218507517261127, -0.3378941215150807, -0.5317171613210621, -0.2583194394487561, 0.8065655134950611, 0.4708445902748327, -0.04493715587626956, 0.9596128316453529, 0.27771183871657157, 0.15312509227779966, 0.0, 0.0, 0.0, 1.0], "fov": 110.58999999999999, "aspect": 1.7777777777777777}, {"camera_to_world": [-0.8462160841790733, 0.11059465590560483, -0.5212361853917632, -0.33792420509075116, -0.5309058565037718, -0.25827105158678587, 0.8071152553645932, 0.4712737542816042, -0.04535758378300389, 0.9597212543219916, 0.2772684684488862, 0.15281737213276347, 0.0, 0.0, 0.0, 1.0], "fov": 110.58999999999999, "aspect": 1.7777777777777777}, {"camera_to_world": [-0.8466938017765894, 0.10978408129797665, -0.5206314065888321, -0.3379537715381241, -0.5301081055397289, -0.25822270075532083, 0.807654897376168, 0.4716955410784789, -0.04577119699315546, 0.9598273242141985, 0.2768329915628306, 0.15251494161142254, 0.0, 0.0, 0.0, 1.0], "fov": 110.58999999999999, "aspect": 1.7777777777777777}, {"camera_to_world": [-0.8471621622138975, 0.10898771160444035, -0.5200364887508395, -0.3379828192820122, -0.5293239723558224, -0.2581744309921885, 0.8081844439676582, 0.47210992819426795, -0.04617795147608145, 0.9599310610148457, 0.2764054176321177, 0.15221781682611957, 0.0, 0.0, 0.0, 1.0], "fov": 110.58999999999999, "aspect": 1.7777777777777777}, {"camera_to_world": [-0.8476211914446861, 0.10820559179069783, -0.5194515046846194, -0.33801134674722805, -0.5285535204978988, -0.25812628576876206, 0.8087038991896234, 0.4725168931577824, -0.0465778035459776, 0.9600324840860583, 0.27598575636504186, 0.1519260138891972, 0.0, 0.0, 0.0, 1.0], "fov": 110.58999999999999, "aspect": 1.7777777777777777}, {"camera_to_world": [-0.8480709147609621, 0.1074377667081304, -0.5188765265660755, -0.33803935235858446, -0.5277968131311618, -0.2580783079826734, 0.8092132666963577, 0.472916413497833, -0.04697070986365187, 0.9601316124540272, 0.275574017609307, 0.15163954891299808, 0.0, 0.0, 0.0, 1.0], "fov": 110.58999999999999, "aspect": 1.7777777777777777}, {"camera_to_world": [-0.8485113567809907, 0.10668428109780148, -0.5183116259359113, -0.338066834540894, -0.5270539130405459, -0.2580305399505084, 0.809712549736941, 0.47330846674323085, -0.047356627438315646, 0.9602284648038167, 0.27517021135685105, 0.15135843800986495, 0.0, 0.0, 0.0, 1.0], "fov": 110.58999999999999, "aspect": 1.7777777777777777}, {"camera_to_world": [-0.8489425414372584, 0.10594517959442065, -0.5177568736953233, -0.33809379171896914, -0.5263248826310479, -0.25798302340049983, 0.8102017511463123, 0.47369303042278704, -0.04773551362940001, 0.9603230594741768, 0.2747743477486466, 0.15108269729214047, 0.0, 0.0, 0.0, 1.0], "fov": 110.58999999999999, "aspect": 1.7777777777777777}, {"camera_to_world": [-0.8493644919644224, 0.10522050673028499, -0.5172123401016647, -0.33812022231762284, -0.5256097839280303, -0.2579357994651964, 0.8106808733363449, 0.4740700820653124, -0.04810732614838786, 0.960415414452346, 0.27438643707949706, 0.15081234287216727, 0.0, 0.0, 0.0, 1.0], "fov": 110.58999999999999, "aspect": 1.7777777777777777}, {"camera_to_world": [-0.8497772308872781, 0.1045103069391802, -0.5166780947640691, -0.33814612476166755, -0.5249086785774792, -0.2578889086741306, 0.8111499182869408, 0.4744395991996181, -0.04847202306067569, 0.9605055473688553, 0.2740064898028165, 0.15054739086228808, 0.0, 0.0, 0.0, 1.0], "fov": 110.58999999999999, "aspect": 1.7777777777777777}, {"camera_to_world": [-0.8501807800087194, 0.1038146245602547, -0.5161542066390421, -0.3381714974759159, -0.5242216278462309, -0.2578423909464578, 0.8116088875371326, 0.47480155935451507, -0.04882956278744918, 0.9605934754923269, 0.2736345165353945, 0.15028785737484554, 0.0, 0.0, 0.0, 1.0], "fov": 110.58999999999999, "aspect": 1.7777777777777777}, {"camera_to_world": [-0.8505751603977172, 0.10313350384185263, -0.5156407440260117, -0.33819633888518075, -0.5235486926221516, -0.2577962855835997, 0.8120577821762034, 0.47515594005881423, -0.049179904107593986, 0.9606792157242712, 0.27327052806215046, 0.15003375852218231, 0.0, 0.0, 0.0, 1.0], "fov": 110.58999999999999, "aspect": 1.7777777777777777}, {"camera_to_world": [-0.8509603923772991, 0.102466988945311, -0.5151377745628397, -0.33822064741427454, -0.5228899334142775, -0.25775063126185827, 0.8124966028348218, 0.4755027188413267, -0.04952300615962224, 0.9607627845938848, 0.2729145353408623, 0.1497851104166411, 0.0, 0.0, 0.0, 1.0], "fov": 110.58999999999999, "aspect": 1.7777777777777777}, {"camera_to_world": [-0.8513364955125287, 0.10181512394871409, -0.5146453652212888, -0.3382444214880099, -0.5222454103529051, -0.25770546602501465, 0.8129253496761899, 0.47584187323086324, -0.04985882844363315, 0.9608441982528373, 0.2725665495068874, 0.14954192917056458, 0.0, 0.0, 0.0, 1.0], "fov": 110.58999999999999, "aspect": 1.7777777777777777}, {"camera_to_world": [-0.8517034885985073, 0.10117795285061595, -0.5141635823024531, -0.3382676595311997, -0.5216151831896441, -0.2576608272769303, 0.8133440223872076, 0.47617338075623517, -0.05018733082329682, 0.9609234724700645, 0.27222658187786575, 0.14930423089629544, 0.0, 0.0, 0.0, 1.0], "fov": 110.58999999999999, "aspect": 1.7777777777777777}, {"camera_to_world": [-0.8520613896483701, 0.10055551957370354, -0.5136924914321317, -0.33829035996865636, -0.5209993112974071, -0.25761675177410515, 0.8137526201696597, 0.4764972189462532, -0.05050847352787041, 0.9610006226265524, 0.271894643958396, 0.14907203170617628, 0.0, 0.0, 0.0, 1.0], "fov": 110.58999999999999, "aspect": 1.7777777777777777}, {"camera_to_world": [-0.8524102158813007, 0.09994786796843275, -0.5132321575561679, -0.3383125212251927, -0.520397853670364, -0.25757327561824395, 0.814151141731415, 0.4768133653297285, -0.05082221715424054, 0.9610756637101227, 0.27157074744470233, 0.14884534771254984, 0.0, 0.0, 0.0, 1.0], "fov": 110.58999999999999, "aspect": 1.7777777777777777}, {"camera_to_world": [-0.852749983710544, 0.0993550418166074, -0.5127826449357332, -0.33833414172562126, -0.5198108689238344, -0.2575304342487873, 0.8145395852776455, 0.4771217974354719, -0.05112852266899867, 0.9611486103102115, 0.2712549042292778, 0.1486241950277588, 0.0, 0.0, 0.0, 1.0], "fov": 110.58999999999999, "aspect": 1.7777777777777777}, {"camera_to_world": [-0.8530807087314433, 0.0987770848349094, -0.5123440171425603, -0.3383552198947547, -0.5192384152941254, -0.25748826243543865, 0.8149179485020711, 0.4774224927922946, -0.05142735141055099, 0.9612194766126495, 0.27094712640550334, 0.14840858976414578, 0.0, 0.0, 0.0, 1.0], "fov": 110.58999999999999, "aspect": 1.7777777777777777}, {"camera_to_world": [-0.8534024057094678, 0.09821404067838768, -0.5119163370541291, -0.3383757541574057, -0.5186805506383204, -0.2574467942706611, 0.8152862285782143, 0.4777154289290074, -0.051718665091254834, 0.961288276394435, 0.27064742627225336, 0.1481985480340535, 0.0, 0.0, 0.0, 1.0], "fov": 110.58999999999999, "aspect": 1.7777777777777777}, {"camera_to_world": [-0.8537150885682742, 0.09766595294388189, -0.5114996668487929, -0.3383957429383869, -0.5181373324339985, -0.25740606316216585, 0.8156444221506909, 0.4780005833744213, -0.05200242579959824, 0.9613550230185088, 0.2703558163384674, 0.14799408594982463, 0.0, 0.0, 0.0, 1.0], "fov": 110.58999999999999, "aspect": 1.7777777777777777}, {"camera_to_world": [-0.8540187703777605, 0.0971328651734076, -0.5110940680008562, -0.3384151846625109, -0.5176088177789057, -0.25736610182537856, 0.8159925253265089, 0.47827793365734744, -0.052278596002406946, 0.9614197294285228, 0.27007230932771187, 0.14779521962380182, 0.0, 0.0, 0.0, 1.0], "fov": 110.58999999999999, "aspect": 1.7777777777777777}, {"camera_to_world": [-0.8543134633421348, 0.09661482085747244, -0.5106996012755889, -0.33843407775459045, -0.5170950633905526, -0.2573269422758766, 0.8163305336663992, 0.47854745730659676, -0.052547138547092614, 0.9614824081436052, 0.26979691818270735, 0.14760196516832777, 0.0, 0.0, 0.0, 1.0], "fov": 110.58999999999999, "aspect": 1.7777777777777777}, {"camera_to_world": [-0.8545991787880128, 0.09611186343834022, -0.5103163267241837, -0.3384524206394382, -0.5165961256057531, -0.2572886158218265, 0.8166584421761729, 0.47880913185098023, -0.052808016663940194, 0.9615430712531281, 0.26952965606983326, 0.14741433869574513, 0.0, 0.0, 0.0, 1.0], "fov": 110.58999999999999, "aspect": 1.7777777777777777}, {"camera_to_world": [-0.8548759271525053, 0.09562403631323912, -0.5099443036786563, -0.33847021174186664, -0.5161120603800983, -0.2572511530563798, 0.8169762452980952, 0.47906293481930884, -0.053061193968428094, 0.9616017304114671, 0.2692705363836104, 0.14723235631839657, 0.0, 0.0, 0.0, 1.0], "fov": 110.58999999999999, "aspect": 1.7777777777777777}, {"camera_to_world": [-0.8551437179713313, 0.09515138283750471, -0.5095835907466796, -0.3384874494866886, -0.5156429232873595, -0.2572145838500596, 0.8172839369022906, 0.4793088437403936, -0.053306634463593294, 0.9616583968327588, 0.26901957275115385, 0.14705603414862484, 0.0, 0.0, 0.0, 1.0], "fov": 110.58999999999999, "aspect": 1.7777777777777777}, {"camera_to_world": [-0.855402559866949, 0.09469394632765951, -0.5092342458063538, -0.33850413229871656, -0.5151887695188198, -0.2571789373431257, 0.8175815102781776, 0.4795468361430455, -0.05354430254243747, 0.9617130812856585, 0.2687767790365989, 0.14688538829877248, 0.0, 0.0, 0.0, 1.0], "fov": 110.58999999999999, "aspect": 1.7777777777777777}, {"camera_to_world": [-0.8556524605366936, 0.09425177006442714, -0.5088963260009101, -0.33852025860276336, -0.5147496538825322, -0.25714424193791086, 0.8178689581259277, 0.4797768895560754, -0.05377416299037441, 0.9617657940880928, 0.268542169345496, 0.14672043488118228, 0.0, 0.0, 0.0, 1.0], "fov": 110.58999999999999, "aspect": 1.7777777777777777}, {"camera_to_world": [-0.8558934267409368, 0.09382489729568216, -0.5085698877333493, -0.33853582682364153, -0.5143256308025084, -0.25711052529114187, 0.8181462725479566, 0.4799989815082945, -0.053996180987721215, 0.9618165451020105, 0.26831575802917995, 0.14656119000819684, 0.0, 0.0, 0.0, 1.0], "fov": 110.58999999999999, "aspect": 1.7777777777777777}, {"camera_to_world": [-0.856125464291254, 0.09341337123933563, -0.5082549866610131, -0.3385508353861637, -0.51391675431783, -0.2570778143062328, 0.8184134450404376, 0.48021308952851377, -0.0542103221122307, 0.9618653437281292, 0.2680975596891102, 0.14640766979215894, 0.0, 0.0, 0.0, 1.0], "fov": 110.58999999999999, "aspect": 1.7777777777777777}, {"camera_to_world": [-0.856348578038622, 0.09301723508613419, -0.5079516776900738, -0.3385652827151426, -0.5135230780816722, -0.2570461351255565, 0.8186704664848603, 0.48041919114554404, -0.0544165523416785, 0.9619121989006818, 0.26788758918117217, 0.1462598903454111, 0.0, 0.0, 0.0, 1.0], "fov": 110.58999999999999, "aspect": 1.7777777777777777}, {"camera_to_world": [-0.8565627718616247, 0.09263653200240066, -0.5076600149699594, -0.3385791672353909, -0.5131446553602548, -0.25701551312269444, 0.8189173271396106, 0.48061726388819637, -0.054614838056489784, 0.961957119082159, 0.26768586161995345, 0.14611786778029612, 0.0, 0.0, 0.0, 1.0], "fov": 110.58999999999999, "aspect": 1.7777777777777777}, {"camera_to_world": [-0.8567680486546729, 0.09227130513270046, -0.5073800518877071, -0.33859248737172104, -0.5127815390317148, -0.2569859728946552, 0.8191540166315817, 0.4808072852852819, -0.05480514604241318, 0.9620001122580474, 0.2674923923829874, 0.14598161820915662, 0.0, 0.0, 0.0, 1.0], "fov": 110.58999999999999, "aspect": 1.7777777777777777}, {"camera_to_world": [-0.8569644103162619, 0.09192159760241786, -0.5071118410622267, -0.3386052415489459, -0.5124337815848778, -0.25695753825407963, 0.8193805239478329, 0.48098923286561146, -0.054987443493252824, 0.9620411859315705, 0.2673071971149559, 0.14585115774433527, 0.0, 0.0, 0.0, 1.0], "fov": 110.58999999999999, "aspect": 1.7777777777777777}, {"camera_to_world": [-0.8571518577372262, 0.09158745252026868, -0.5068554343385004, -0.33861742819187807, -0.51210143511796, -0.2569302322214081, 0.8195968374272679, 0.48116308415799597, -0.055161698013641264, 0.9620803471184208, 0.2671302917318641, 0.1457265024981748, 0.0, 0.0, 0.0, 1.0], "fov": 110.58999999999999, "aspect": 1.7777777777777777}, {"camera_to_world": [-0.8573303907890307, 0.09126891298072248, -0.5066108827816918, -0.33862904572533015, -0.5117845513371687, -0.25690407701702866, 0.8198029447523603, 0.4813288166912466, -0.05532787762186947, 0.9621176023414943, 0.26696169242517476, 0.1456076685830178, 0.0, 0.0, 0.0, 1.0], "fov": 110.58999999999999, "aspect": 1.7777777777777777}, {"camera_to_world": [-0.8575000083120802, 0.0909660220663443, -0.5063782366711753, -0.3386400925741148, -0.5114831815552144, -0.2568790940534035, 0.8199988329409128, 0.4814864079941744, -0.05548595075277166, 0.9621529576256204, 0.266801415665908, 0.14549467211120698, 0.0, 0.0, 0.0, 1.0], "fov": 110.58999999999999, "aspect": 1.7777777777777777}, {"camera_to_wor