{"default_fov": 75.0, "default_transition_sec": 2.0, "keyframes": [{"matrix": [-0.707106781186548, -0.40824829046386324, 0.5773502691896257, 0.30000000000000016, 0.7071067811865476, -0.40824829046386335, 0.577350269189626, 0.30000000000000016, -1.6653345369377348e-16, 0.816496580927726, 0.5773502691896258, 0.30000000000000004, 0.0, 0.0, 0.0, 1.0], "fov": 75.0, "aspect": 1.7777777777777777, "override_transition_enabled": false, "override_transition_sec": null}, {"matrix": [0.9775395151680449, -0.20775002037579052, 0.03544609031871132, 0.05353024509080075, 0.21075221537394004, 0.9636143270616051, -0.1644108645941205, -0.24829124448367934, -2.42861286636753e-17, 0.16818845892470882, 0.9857548591229625, 1.4886747377169773, 0.0, 0.0, 0.0, 1.0], "fov": 75.0, "aspect": 1.7777777777777777, "override_transition_enabled": false, "override_transition_sec": null}], "camera_type": "perspective", "render_height": 1080.0, "render_width": 1920.0, "fps": 30.0, "seconds": 2.0, "is_cycle": false, "smoothness_value": 0.0, "camera_path": [{"camera_to_world": [-0.707106781186548, -0.40824829046386324, 0.5773502691896257, 0.30000000000000016, 0.7071067811865476, -0.40824829046386335, 0.577350269189626, 0.30000000000000016, -1.6653345369377348e-16, 0.816496580927726, 0.5773502691896258, 0.30000000000000004, 0.0, 0.0, 0.0, 1.0], "fov": 75.0, "aspect": 1.7777777777777777}, {"camera_to_world": [-0.6828868080703463, -0.43402400767145866, 0.5876127705626379, 0.2958921707515135, 0.7303941499097876, -0.3904719520710821, 0.560407031025983, 0.29086181259193883, -0.013783799949670494, 0.8118834986687462, 0.5836567411144529, 0.3198112456286163, 0.0, 0.0, 0.0, 1.0], "fov": 75.0, "aspect": 1.7777777777777777}, {"camera_to_world": [-0.6576929873574013, -0.4591156679331768, 0.5972041006550193, 0.29178434150302685, 0.7527914410488069, -0.37186398252190855, 0.5431594837491164, 0.28172362518387756, -0.027294333927724956, 0.8068023190108088, 0.590190678826956, 0.33962249125723265, 0.0, 0.0, 0.0, 1.0], "fov": 75.0, "aspect": 1.7777777777777777}, {"camera_to_world": [-0.6315599949653852, -0.48348873594151337, 0.6061110582863509, 0.28767651225454016, 0.7742678277340924, -0.35244999319254, 0.5256313662962935, 0.27258543777581623, -0.04051300649485795, 0.8012600355167205, 0.5969430892375684, 0.3594337368858489, 0.0, 0.0, 0.0, 1.0], "fov": 75.0, "aspect": 1.7777777777777777}, {"camera_to_world": [-0.6045237994559167, -0.5071096654348946, 0.6143213842231862, 0.2835686830060535, 0.7947937505976912, -0.33225670483737635, 0.5078468037720266, 0.26344725036775485, -0.053421623919881256, 0.7952642763969205, 0.6039046785583344, 0.3792449825144652, 0.0, 0.0, 0.0, 1.0], "fov": 75.0, "aspect": 1.7777777777777777}, {"camera_to_world": [-0.5766216125286584, -0.5299459453696077, 0.6218237780522411, 0.27946085375756685, 0.814340958457716, -0.31131191081148657, 0.489830274243099, 0.2543090629596935, -0.06600241922095246, 0.7888232940102707, 0.6110658650945638, 0.3990562281430815, 0.0, 0.0, 0.0, 1.0], "fov": 75.0, "aspect": 1.7777777777777777}, {"camera_to_world": [-0.5478918378043933, -0.5519661446668978, 0.6286079137338996, 0.27535302450908017, 0.8328825472023131, -0.2896444388167715, 0.47160657504778725, 0.24517087555163225, -0.07823807661945031, 0.7819459535057899, 0.6184167924327493, 0.4188674737716978, 0.0, 0.0, 0.0, 1.0], "fov": 75.0, "aspect": 1.7777777777777777}, {"camera_to_world": [-0.5183740179675957, -0.5731399554736339, 0.6346644538146222, 0.27124519526059354, 0.8503929968195653, -0.26728411122450524, 0.4532007886656487, 0.2360326881435709, -0.09011175537281857, 0.7746417206209643, 0.6259473430065994, 0.43867871940031405, 0.0, 0.0, 0.0, 1.0], "fov": 75.0, "aspect": 1.7777777777777777}, {"camera_to_world": [-0.48810878034121763, -0.5934382348770066, 0.6399850622787001, 0.2671373660121069, 0.8668482065223673, -0.24426170402883085, 0.434638248194849, 0.22689450073550957, -0.1016071129535927, 0.7669206486534279, 0.6336471520225126, 0.45848996502893036, 0.0, 0.0, 0.0, 1.0], "fov": 75.0, "aspect": 1.7777777777777777}, {"camera_to_world": [-0.45713778096863145, -0.6128330450158437, 0.6445624160216645, 0.26302953676362023, 0.8822255279199327, -0.22060890448773407, 0.4159445024845484, 0.21775631332744821, -0.1127083275426996, 0.7587933646239479, 0.6415056217253254, 0.4783012106575466, 0.0, 0.0, 0.0, 1.0], "fov": 75.0, "aspect": 1.7777777777777777}, {"camera_to_world": [-0.42550364727966183, -0.6312976915333289, 0.6483902149295558, 0.2589217075151336, 0.8965037961902634, -0.1963582675097757, 0.3971452809703351, 0.20861812591938694, -0.12340011980606935, 0.7502710546497511, 0.6495119359847039, 0.49811245628616285, 0.0, 0.0, 0.0, 1.0], "fov": 75.0, "aspect": 1.7777777777777777}, {"camera_to_world": [-0.39324991941964704, -0.6488067603182087, 0.6514631905501886, 0.2548138782666469, 0.9096633592106945, -0.17154317084662496, 0.37826645826110517, 0.1994799385113256, -0.13366777392459223, 0.7413654485483362, 0.6576550751820959, 0.5179237019147792, 0.0, 0.0, 0.0, 1.0], "fov": 75.0, "aspect": 1.7777777777777777}, {"camera_to_world": [-0.36042099032226305, -0.6653361524839102, 0.653777113344469, 0.25070604901816024, 0.9216861046064061, -0.1461977691530595, 0.35933401852613145, 0.19034175110326426, -0.14349715784847022, 0.732088803692951, 0.66592383137776, 0.5377349475433955, 0.0, 0.0, 0.0, 1.0], "fov": 75.0, "aspect": 1.7777777777777777}, {"camera_to_world": [-0.32706204460859656, -0.6808631175374263, 0.6553287985077881, 0.2465982197696736, 0.9325554846796783, -0.12035694697765575, 0.3403740197313365, 0.18120356369520293, -0.15287474274809054, 0.7224538881419593, 0.6743068237369918, 0.5575461931720118, 0.0, 0.0, 0.0, 1.0], "fov": 75.0, "aspect": 1.7777777777777777}, {"camera_to_world": [-0.29321899639657456, -0.6953662846923241, 0.6561161103534796, 0.24249039052118695, 0.9422565391855819, -0.09405627074888734, 0.3214125577739953, 0.1720653762871416, -0.16178762163464633, 0.7124739630653221, 0.6827925141943185, 0.5773574388006281, 0.0, 0.0, 0.0, 1.0], "fov": 75.0, "aspect": 1.7777777777777777}, {"camera_to_world": [-0.25893842610633167, -0.7088256922827652, 0.6561379652523052, 0.23838256127270027, 0.9507759159227496, -0.06733193982270202, 0.3024757305652298, 0.16292718887908028, -0.17022352712487585, 0.7021627644923728, 0.6913692233340991, 0.5971686844292444, 0.0, 0.0, 0.0, 1.0], "fov": 75.0, "aspect": 1.7777777777777777}, {"camera_to_world": [-0.22426751634850461, -0.7212228152380638, 0.6553943331239256, 0.23427473202421364, 0.9581018891108892, -0.04022073665895731, 0.2835896021097325, 0.15378900147101898, -0.17817084832547334, 0.6915344844060148, 0.7000251464656742, 0.6169799300578607, 0.0, 0.0, 0.0, 1.0], "fov": 75.0, "aspect": 1.7777777777777777}, {"camera_to_world": [-0.18925398698369467, -0.7325405905799658, 0.6538862374783024, 0.230166902775727, 0.9642243755297535, -0.01275997619529845, 0.26478016663215664, 0.14465081406295763, -0.18561864681392548, 0.6806037512093588, 0.7087483698709413, 0.6367911756864769, 0.0, 0.0, 0.0, 1.0], "fov": 75.0, "aspect": 1.7777777777777777}, {"camera_to_world": [-0.15394602944247193, -0.7427634409075489, 0.6516157540069728, 0.2260590735272403, 0.9691349483973372, 0.015012545511856157, 0.2460733127995499, 0.13551262665489633, -0.19255667169378543, 0.6693856095916856, 0.7175268872019913, 0.6566024213150932, 0.0, 0.0, 0.0, 1.0], "fov": 75.0, "aspect": 1.7777777777777777}, {"camera_to_world": [-0.11839224039633278, -0.7518772958374295, 0.6485860077261393, 0.22195124427875368, 0.9728268489682154, 0.04305860330851774, 0.22749478808907425, 0.12637443924683497, -0.19897537370365737, 0.657895499821449, 0.7263486160062367, 0.6764136669437095, 0.0, 0.0, 0.0, 1.0], "fov": 75.0, "aspect": 1.7777777777777777}, {"camera_to_world": [-0.08264155487089109, -0.7598696113697575, 0.6448011686755034, 0.217843415030267, 0.9752949958360498, 0.07133959555493263, 0.2090701633500533, 0.11723625183877366, -0.20486591836047505, 0.6461492364948149, 0.7352014143562884, 0.6962249125723258, 0.0, 0.0, 0.0, 1.0], "fov": 75.0, "aspect": 1.7777777777777777}, {"camera_to_world": [-0.046743178893377646, -0.7667293871533528, 0.6402664461787652, 0.21373558578178034, 0.9765359919274642, 0.09981659725556213, 0.19082479760912668, 0.10809806443071235, -0.2102201981189841, 0.6341629867689889, 0.7440730975616913, 0.716036158200942, 0.0, 0.0, 0.0, 1.0], "fov": 75.0, "aspect": 1.7777777777777777}, {"camera_to_world": [-0.010746521767136419, -0.7724471816262137, 0.6349880816736861, 0.2096277565332937, 0.9765481291776603, 0.12845041363412302, 0.17278380316694752, 0.09895987702265102, -0.2150308435306904, 0.6219532481102916, 0.7529514549395184, 0.7358474038295583, 0.0, 0.0, 0.0, 1.0], "fov": 75.0, "aspect": 1.7777777777777777}, {"camera_to_world": [0.02529887193365976, -0.777015125010561, 0.6289733401215878, 0.20551992728480703, 0.9753313908813395, 0.15720163407994536, 0.15497201103446645, 0.08982168961458967, -0.21929123338691886, 0.6095368255876074, 0.7618242666207389, 0.7556586494581745, 0.0, 0.0, 0.0, 1.0], "fov": 75.0, "aspect": 1.7777777777777777}, {"camera_to_world": [0.06134339055547455, -0.7804269301445332, 0.622230500008107, 0.20141209803632038, 0.9728874517156967, 0.18603068639139564, 0.1374139367563739, 0.08068350220652834, -0.22299550383202144, 0.5969308087424592, 0.770679320369229, 0.7754698950867909, 0.0, 0.0, 0.0, 1.0], "fov": 75.0, "aspect": 1.7777777777777777}, {"camera_to_world": [0.09733742364920106, -0.7826779011356219, 0.6147688419489667, 0.19730426878783372, 0.9692196754354497, 0.21489789124170822, 0.12013374666873675, 0.07154531479846701, -0.2261385564341853, 0.5841525480675442, 0.7795044283902807, 0.7952811407154072, 0.0, 0.0, 0.0, 1.0], "fov": 75.0, "aspect": 1.7777777777777777}, {"camera_to_world": [0.1332314302522949, -0.7837649398239387, 0.6065986359164561, 0.19319643953934706, 0.9643331102430851, 0.2437635167922605, 0.10315522463727655, 0.062407127390405694, -0.2287160652027433, 0.571219631126108, 0.7882874441054656, 0.8150923863440236, 0.0, 0.0, 0.0, 1.0], "fov": 75.0, "aspect": 1.7777777777777777}, {"camera_to_world": [0.16897600707527127, -0.783686550046417, 0.5977311271041879, 0.1890886102908604, 0.95823448184068, 0.27258783337812575, 0.08650173932206612, 0.05326893998234437, -0.23072448254232014, 0.5581498583450184, 0.7970162788707735, 0.8349036319726398, 0.0, 0.0, 0.0, 1.0], "fov": 75.0, "aspect": 1.7777777777777777}, {"camera_to_world": [0.2045219564987094, -0.7824428396960791, 0.5881785204495957, 0.18498078104237375, 0.950932184172877, 0.30133116819062866, 0.07019621201370049, 0.04413075257428305, -0.23216104413562, 0.5449612185148651, 0.80567891861501, 0.8547148776012561, 0.0, 0.0, 0.0, 1.0], "fov": 75.0, "aspect": 1.7777777777777777}, {"camera_to_world": [0.23982035428718484, -0.7800355205735374, 0.5779539638354766, 0.1808729517938871, 0.9424362678737439, 0.3299539598816539, 0.05426108508521235, 0.03499256516622172, -0.23302377274814226, 0.5316718640308007, 0.8142634403755555, 0.8745261232298723, 0.0, 0.0, 0.0, 1.0], "fov": 75.0, "aspect": 1.7777777777777777}, {"camera_to_world": [0.2748226169269199, -0.7764679060309294, 0.5670715299936889, 0.17676512254540047, 0.9327584264334228, 0.35841681301453554, 0.03871829110315378, 0.025854377758160397, -0.23331148094957635, 0.5183000859081996, 0.8227580287087257, 0.8943373688584885, 0.0, 0.0, 0.0, 1.0], "fov": 75.0, "aspect": 1.7777777777777777}, {"camera_to_world": [0.309480568494482, -0.7717449064115318, 0.555546197135925, 0.1726572932969138, 0.9219119801036073, 0.38668055228659914, 0.023589222640356844, 0.016716190350099042, -0.2330237727481423, 0.5048642886075292, 0.8311509919521456, 0.9141486144871049, 0.0, 0.0, 0.0, 1.0], "fov": 75.0, "aspect": 1.7777777777777777}, {"camera_to_world": [0.3437465069644815, -0.7658730222913331, 0.5433938283382104, 0.16854946404842713, 0.9099118575640038, 0.41470627644871183, 0.008894702831925894, 0.0075780029420377485, -0.23216104413562003, 0.4913829647030749, 0.8394307783167563, 0.933959860115721, 0.0, 0.0, 0.0, 1.0], "fov": 75.0, "aspect": 1.7777777777777777}, {"camera_to_world": [0.37757326986502115, -0.7588603355318606, 0.5306311497075044, 0.1644416347999405, 0.8967745753750016, 0.44245541184764225, -0.005345043285018891, -0.0015601844660236065, -0.23072448254232003, 0.4778746694303908, 0.8475859917863044, 0.9537711057443374, 0.0, 0.0, 0.0, 1.0], "fov": 75.0, "aspect": 1.7777777777777777}, {"camera_to_world": [0.4109142991905157, -0.7507164981565801, 0.5172757273604557, 0.16033380555145385, 0.8825182152448421, 0.46988976551752204, -0.019110416608393854, -0.0106983718740849, -0.22871606520274332, 0.464357995147504, 0.8556054078024316, 0.9735823513729537, 0.0, 0.0, 0.0, 1.0], "fov": 75.0, "aspect": 1.7777777777777777}, {"camera_to_world": [0.44372370548254514, -0.7414527190661822, 0.5033459432459992, 0.15622597630296717, 0.8671623991425725, 0.496971577747344, -0.03238247094668886, -0.019836559282146254, -0.22613855643418523, 0.4508515457450275, 0.8634779887137727, 0.9933935970015699, 0.0, 0.0, 0.0, 1.0], "fov": 75.0, "aspect": 1.7777777777777777}, {"camera_to_world": [0.4759563309905462, -0.7310817486110304, 0.48886096984506366, 0.1521181470544805, 0.8507282622910333, 0.5236635740521454, -0.04514293909586034, -0.028974746690207547, -0.2229955038320214, 0.43737391104039536, 0.8711928989678068, 1.0132048426301863, 0.0, 0.0, 0.0, 1.0], "fov": 75.0, "aspect": 1.7777777777777777}, {"camera_to_world": [0.5075678118254046, -0.7196178610420116, 0.4738407437822235, 0.14801031780599389, 0.8332384240770554, 0.549929016476341, -0.057374257981691185, -0.0381129340982689, -0.21929123338691892, 0.4239436411914729, 0.8787395200245403, 1.0330160882588024, 0.0, 0.0, 0.0, 1.0], "fov": 75.0, "aspect": 1.7777777777777777}, {"camera_to_world": [0.5385146390203993, -0.7070768348639473, 0.45830593838560646, 0.14390248855750723, 0.8147169569189099, 0.5757317541585929, -0.06905959283300633, -0.04725112150633019, -0.21503084353069019, 0.4105792211647489, 0.8861074649715056, 1.0528273338874188, 0.0, 0.0, 0.0, 1.0], "fov": 75.0, "aspect": 1.7777777777777777}, {"camera_to_world": [0.5687542184154675, -0.6934759311185916, 0.4422779352328274, 0.13979465930902055, 0.795189353133847, 0.6010362730886287, -0.0801828603524807, -0.05638930891439155, -0.2102201981189839, 0.3972990452932572, 0.8932865928199536, 1.0726385795160351, 0.0, 0.0, 0.0, 1.0], "fov": 75.0, "aspect": 1.7777777777777777}, {"camera_to_world": [0.5982449292823542, -0.6788338696271237, 0.42577879472211416, 0.1356868300605339, 0.7746824898513391, 0.625807744987515, -0.09072875085314122, -0.06552749632245285, -0.20486591836047524, 0.38412139195924344, 0.900267022462565, 1.0924498251446513, 0.0, 0.0, 0.0, 1.0], "fov": 75.0, "aspect": 1.7777777777777777}, {"camera_to_world": [0.6269461816099706, -0.6631708032248205, 0.40883122570912334, 0.13157900081204726, 0.7532245920203133, 0.6500120752441176, -0.10068274933010063, -0.0746656837305142, -0.19897537370365745, 0.37106439843641953, 0.9070391462734715, 1.1122610707732676, 0.0, 0.0, 0.0, 1.0], "fov": 75.0, "aspect": 1.7777777777777777}, {"camera_to_world": [0.6548184719710994, -0.6465082900233825, 0.3914585542512468, 0.1274711715635606, 0.7308451935612945, 0.6736159498417621, -0.11003115543851455, -0.08380387113857549, -0.19255667169378549, 0.3581460359264396, 0.913593643331864, 1.1320723164018838, 0.0, 0.0, 0.0, 1.0], "fov": 75.0, "aspect": 1.7777777777777777}, {"camera_to_world": [0.6818234378935734, -0.6288692637390794, 0.373684691502417, 0.12336334231507393, 0.7075750967169179, 0.6965868812105154, -0.11876110235027165, -0.09294205854663684, -0.18561864681392548, 0.3453840848239471, 0.9199214922509918, 1.1518835620305004, 0.0, 0.0, 0.0, 1.0], "fov": 75.0, "aspect": 1.7777777777777777}, {"camera_to_world": [0.7079239106610714, -0.6102780021275663, 0.3555341008026112, 0.11925551306658728, 0.6834463296567744, 0.7188932529419686, -0.12686057446345672, -0.10208024595469814, -0.1781708483254732, 0.33279611024424666, 0.9260139835948917, 1.1716948076591165, 0.0, 0.0, 0.0, 1.0], "fov": 75.0, "aspect": 1.7777777777777777}, {"camera_to_world": [0.7330839664708803, -0.590760093568804, 0.3370317640073401, 0.11514768381810063, 0.6584921023949248, 0.7405043633049895, -0.13431842394021754, -0.1112184333627595, -0.1702235271248757, 0.32039943784727537, 0.9318627318657596, 1.1915060532877328, 0.0, 0.0, 0.0, 1.0], "fov": 75.0, "aspect": 1.7777777777777777}, {"camera_to_world": [0.7572689758781899, -0.5703424018480852, 0.31820314710347364, 0.11103985456961396, 0.6327467610807678, 0.7613904675025376, -0.14112438605026828, -0.12035662077082085, -0.1617876216346461, 0.308211129991155, 0.9374596870454643, 1.2113172989163492, 0.0, 0.0, 0.0, 1.0], "fov": 75.0, "aspect": 1.7777777777777777}, {"camera_to_world": [0.7804456514588864, -0.5490530291816337, 0.29907416515872204, 0.1069320253211273, 0.6062457407261675, 0.7815228186113923, -0.1472690932989172, -0.12949480817888215, -0.15287474274809038, 0.2962479622481426, 0.9427971456753188, 1.2311285445449653, 0.0, 0.0, 0.0, 1.0], "fov": 75.0, "aspect": 1.7777777777777777}, {"camera_to_world": [0.8025820936252281, -0.5269212775376709, 0.27967114665301873, 0.10282419607264064, 0.5790255164339105, 0.8008737071484398, -0.15274408832016473, -0.13863299558694347, -0.14349715784847006, 0.2845264003153027, 0.9478677614588584, 1.2509397901735817, 0.0, 0.0, 0.0, 1.0], "fov": 75.0, "aspect": 1.7777777777777777}, {"camera_to_world": [0.8236478345313545, -0.5039776083061819, 0.260020797240896, 0.09871636682415401, 0.5511235531946123, 0.8194164992090632, -0.157541835517137, -0.1477711829950048, -0.13366777392459206, 0.27306257735168316, 0.9526645553730339, 1.2707510358021978, 0.0, 0.0, 0.0, 1.0], "fov": 75.0, "aspect": 1.7777777777777777}, {"camera_to_world": [0.8436138800081905, -0.48025360037289705, 0.24015016299473133, 0.09460853757566734, 0.5225782543211821, 0.8371256731251417, -0.16165573143382314, -0.15690937040306613, -0.12340011980606927, 0.2618722717731836, 0.9571809252739002, 1.2905622814308142, 0.0, 0.0, 0.0, 1.0], "fov": 75.0, "aspect": 1.7777777777777777}, {"camera_to_world": [0.8624527494700367, -0.45578190665518564, 0.22008659317945262, 0.0905007083271807, 0.49342890859180694, 0.8539768545922075, -0.16508011384384821, -0.16604755781112743, -0.11270832754269948, 0.25097088553567987, 0.9614106549835841, 1.3103735270594306, 0.0, 0.0, 0.0, 1.0], "fov": 75.0, "aspect": 1.7777777777777777}, {"camera_to_world": [0.8801385137379106, -0.430596209159693, 0.19985770260994135, 0.08639287907869403, 0.46371563617421585, 0.8699468502174084, -0.16781026954376924, -0.17518574521918878, -0.10160711295359265, 0.2403734229362974, 0.9653479228460192, 1.3301847726880467, 0.0, 0.0, 0.0, 1.0], "fov": 75.0, "aspect": 1.7777777777777777}, {"camera_to_world": [0.8966468307275872, -0.40473117262357255, 0.17949133364294048, 0.08228504983020739, 0.43347933340564554, 0.8850136794421041, -0.16984244084016756, -0.18432393262725008, -0.09011175537281832, 0.23009446996200614, 0.968987309739675, 1.3499960183166628, 0.0, 0.0, 0.0, 1.0], "fov": 75.0, "aspect": 1.7777777777777777}, {"camera_to_world": [0.9119549789532164, -0.3782223968031194, 0.15901551785578166, 0.07817722058172072, 0.40276161650451225, 0.8991566047951611, -0.17117383072161013, -0.19346212003531144, -0.07823807661945015, 0.22014817421396415, 0.9723238065362522, 1.3698072639452792, 0.0, 0.0, 0.0, 1.0], "fov": 75.0, "aspect": 1.7777777777777777}, {"camera_to_world": [0.926041888800401, -0.35110636747547896, 0.13845843746467656, 0.07406939133323408, 0.3716047642912662, 0.912356160435301, -0.17180260670836156, -0.20260030744337273, -0.06600241922095235, 0.2105482254352417, 0.9753528209950758, 1.3896185095738955, 0.0, 0.0, 0.0, 1.0], "fov": 75.0, "aspect": 1.7777777777777777}, {"camera_to_world": [0.9388881715256993, -0.3234204062208629, 0.1178483865356724, 0.06996156208474741, 0.34005165999725984, 0.9245941789432219, -0.1717279033745459, -0.2117384948514341, -0.053421623919880756, 0.20130783666872348, 0.9780701840836993, 1.409429755202512, 0.0, 0.0, 0.0, 1.0], "fov": 75.0, "aspect": 1.7777777777777777}, {"camera_to_world": [0.9504761459426301, -0.2952026190543977, 0.09721373204166314, 0.06585373283626078, 0.3081457322417296, 0.9358538163266171, -0.17094982353929047, -0.22087668225949536, -0.04051300649485792, 0.1924397260711271, 0.9804721557160189, 1.429241000831128, 0.0, 0.0, 0.0, 1.0], "fov": 75.0, "aspect": 1.7777777777777777}, {"camera_to_world": [0.960789862757458, -0.2664918439782994, 0.07658287481905211, 0.06174590358777411, 0.2759308952581184, 0.9461195752036734, -0.16946943812520826, -0.23001486966755674, -0.027294333927724627, 0.18395609940816382, 0.9825554299000009, 1.4490522464597444, 0.0, 0.0, 0.0, 1.0], "fov": 75.0, "aspect": 1.7777777777777777}, {"camera_to_world": [0.9698151265212572, -0.23732759752657162, 0.055984210477807696, 0.05763807433928747, 0.24345148845202264, 0.9553773261331386, -0.16728878468441677, -0.23915305707561804, -0.013783799949670196, 0.17586863325493862, 0.9843171392879367, 1.4688634920883605, 0.0, 0.0, 0.0, 1.0], "fov": 75.0, "aspect": 1.7777777777777777}]}